499104 5.13787e+06
457248 5.11419e+06
499102 5.13773e+06
457270 5.11431e+06
499283 5.13739e+06
457256 5.11432e+06
499359 5.13717e+06
457206 5.11444e+06
499357 5.13714e+06
457161 5.11431e+06
499355 5.13704e+06
457007 5.11444e+06
499357 5.13694e+06
457021 5.1145e+06
499355 5.13692e+06
457119 5.11451e+06
499353 5.13692e+06
456911 5.11456e+06
499297 5.13678e+06
457323 5.11462e+06
499196 5.13658e+06
457151 5.11462e+06
499170 5.13653e+06
456896 5.11465e+06
499116 5.13643e+06
457329 5.11463e+06
499011 5.13624e+06
457205 5.11468e+06
498921 5.13608e+06
456937 5.11478e+06
498841 5.13588e+06
456888 5.1148e+06
498810 5.1358e+06
457044 5.1143e+06
498646 5.13543e+06
457134 5.11417e+06
498620 5.13538e+06
456928 5.11435e+06
498552 5.13526e+06
457365 5.11462e+06
498218 5.13499e+06
457368 5.11485e+06
497844 5.13469e+06
457316 5.11488e+06
497510 5.13443e+06
457385 5.11492e+06
497210 5.13419e+06
457402 5.11493e+06
496935 5.1338e+06
457242 5.11491e+06
496832 5.13362e+06
456870 5.1143e+06
496755 5.13358e+06
457542 5.11478e+06
496388 5.13344e+06
457464 5.11481e+06
496361 5.13343e+06
457588 5.11488e+06
496205 5.13338e+06
456737 5.11485e+06
496096 5.13335e+06
456837 5.11439e+06
496066 5.13333e+06
456728 5.11488e+06
495981 5.1333e+06
456697 5.11487e+06
495934 5.13328e+06
456796 5.11437e+06
495708 5.13317e+06
456667 5.11488e+06
495691 5.13316e+06
456645 5.11488e+06
495666 5.13315e+06
457080 5.115e+06
495396 5.13304e+06
456475 5.11492e+06
495382 5.13304e+06
456937 5.11532e+06
495186 5.13298e+06
457300 5.1151e+06
495052 5.13292e+06
457341 5.11511e+06
494992 5.13288e+06
457470 5.11517e+06
494984 5.13286e+06
457483 5.11516e+06
494966 5.13278e+06
457264 5.1152e+06
494775 5.13277e+06
457566 5.11507e+06
494647 5.13277e+06
457055 5.11543e+06
494543 5.13276e+06
457760 5.11496e+06
494469 5.13275e+06
457235 5.1155e+06
494466 5.13275e+06
457013 5.11578e+06
494438 5.13273e+06
456899 5.11574e+06
494365 5.13275e+06
456889 5.11574e+06
494297 5.13275e+06
456429 5.11557e+06
494220 5.13274e+06
456449 5.1159e+06
494158 5.13274e+06
456917 5.11416e+06
494022 5.13259e+06
456829 5.1142e+06
494012 5.13259e+06
457542 5.1143e+06
494015 5.13245e+06
457559 5.11436e+06
494055 5.13242e+06
457567 5.1144e+06
493819 5.13218e+06
457691 5.1143e+06
493805 5.13217e+06
457579 5.11452e+06
493793 5.13217e+06
457580 5.11454e+06
493734 5.13211e+06
457598 5.11468e+06
493689 5.13201e+06
457629 5.11475e+06
493599 5.13183e+06
457616 5.11467e+06
493573 5.13183e+06
457784 5.11466e+06
493555 5.13182e+06
457732 5.1149e+06
493292 5.13167e+06
457531 5.11496e+06
493171 5.13159e+06
457624 5.11442e+06
493105 5.13155e+06
457738 5.11491e+06
492993 5.13148e+06
457747 5.11492e+06
492933 5.13145e+06
457758 5.11494e+06
492727 5.1314e+06
457772 5.11495e+06
492576 5.13136e+06
458058 5.11522e+06
492549 5.13135e+06
458074 5.11523e+06
492252 5.13108e+06
458423 5.11543e+06
492163 5.13096e+06
458099 5.11564e+06
491936 5.13064e+06
458612 5.11552e+06
491780 5.13041e+06
458527 5.11557e+06
491741 5.13036e+06
458695 5.11556e+06
491650 5.13025e+06
458828 5.11543e+06
491615 5.1302e+06
458037 5.11524e+06
491604 5.13018e+06
458765 5.11561e+06
491397 5.12989e+06
457677 5.11556e+06
491344 5.12988e+06
457619 5.1157e+06
491119 5.12992e+06
457581 5.1158e+06
490843 5.12974e+06
457756 5.11571e+06
490553 5.12971e+06
457992 5.11577e+06
487731 5.12936e+06
457513 5.11569e+06
486669 5.12905e+06
457569 5.11582e+06
486191 5.12888e+06
457547 5.11587e+06
485248 5.12845e+06
457600 5.11579e+06
481024 5.12596e+06
458168 5.11587e+06
480981 5.12594e+06
457593 5.11583e+06
480725 5.12583e+06
457493 5.11599e+06
480192 5.12573e+06
457424 5.1161e+06
480097 5.12577e+06
458606 5.11569e+06
480024 5.1258e+06
458433 5.11578e+06
479981 5.12577e+06
458475 5.11587e+06
479578 5.12567e+06
458849 5.11567e+06
479404 5.12561e+06
457442 5.11543e+06
478947 5.1256e+06
459038 5.11555e+06
478836 5.1256e+06
457295 5.11538e+06
478492 5.12554e+06
457307 5.11536e+06
477684 5.12535e+06
457829 5.11581e+06
477661 5.12528e+06
457407 5.11524e+06
477592 5.12507e+06
458656 5.11609e+06
477525 5.12487e+06
458903 5.11571e+06
477513 5.12483e+06
457204 5.11532e+06
477422 5.12458e+06
457157 5.1153e+06
477217 5.12451e+06
459166 5.1159e+06
477116 5.12445e+06
458129 5.1157e+06
477078 5.12443e+06
459180 5.1159e+06
476320 5.12383e+06
459144 5.11592e+06
475953 5.12344e+06
459242 5.11595e+06
475825 5.12329e+06
459283 5.11594e+06
475507 5.12297e+06
459903 5.11607e+06
475432 5.12291e+06
460188 5.11618e+06
475400 5.12288e+06
459935 5.11602e+06
475309 5.1228e+06
460149 5.11604e+06
475185 5.1227e+06
460360 5.1162e+06
474999 5.12264e+06
460505 5.1162e+06
474638 5.12253e+06
460535 5.11616e+06
474044 5.12244e+06
460380 5.11608e+06
473051 5.12155e+06
460542 5.11614e+06
473010 5.12146e+06
460550 5.11613e+06
472362 5.12088e+06
460706 5.11596e+06
471671 5.12095e+06
460845 5.11586e+06
471605 5.12092e+06
460704 5.11594e+06
471490 5.12086e+06
460641 5.11624e+06
471192 5.12074e+06
460792 5.1162e+06
471081 5.12075e+06
460900 5.11624e+06
470971 5.12076e+06
460830 5.11617e+06
470908 5.12079e+06
460645 5.11598e+06
470897 5.1208e+06
460673 5.11599e+06
470765 5.12079e+06
460767 5.11594e+06
470275 5.12071e+06
460745 5.11596e+06
469287 5.12035e+06
460696 5.116e+06
468802 5.12034e+06
461033 5.11618e+06
468516 5.12e+06
460787 5.11595e+06
468333 5.11976e+06
462487 5.11672e+06
467900 5.11944e+06
460837 5.11591e+06
467252 5.11917e+06
459138 5.11593e+06
466552 5.11927e+06
459275 5.1164e+06
466515 5.11928e+06
459275 5.11646e+06
466228 5.11938e+06
459274 5.11672e+06
465558 5.11906e+06
459236 5.117e+06
465534 5.11903e+06
457675 5.11535e+06
465466 5.11897e+06
459289 5.11703e+06
465282 5.11892e+06
459282 5.11704e+06
465218 5.1189e+06
459408 5.11718e+06
464946 5.11876e+06
458431 5.11564e+06
464891 5.11874e+06
457758 5.11528e+06
464906 5.1187e+06
460668 5.1163e+06
465024 5.11858e+06
457795 5.11526e+06
464020 5.11833e+06
460708 5.11628e+06
463211 5.118e+06
460676 5.11631e+06
491385 5.12987e+06
460931 5.11641e+06
470937 5.12075e+06
460859 5.11632e+06
494468 5.13272e+06
458387 5.11573e+06
491673 5.13024e+06
459137 5.11655e+06
491641 5.13019e+06
459254 5.11595e+06
477365 5.12449e+06
458812 5.11637e+06
477124 5.12444e+06
457271 5.11525e+06
466511 5.11926e+06
460210 5.11611e+06
494974 5.13288e+06
460307 5.11598e+06
491629 5.13017e+06
459662 5.11652e+06
480557 5.12573e+06
459127 5.11656e+06
480254 5.12571e+06
459055 5.11662e+06
465623 5.11885e+06
458969 5.11664e+06
465487 5.11874e+06
458608 5.11705e+06
465465 5.11874e+06
458532 5.11703e+06
491539 5.13004e+06
460214 5.11609e+06
491412 5.12986e+06
460221 5.11608e+06
494203 5.13278e+06
459971 5.11658e+06
495684 5.13313e+06
458316 5.11564e+06
496360 5.13346e+06
459241 5.11708e+06
491652 5.13017e+06
460038 5.11721e+06
491376 5.12986e+06
460066 5.11607e+06
493840 5.13218e+06
460057 5.11726e+06
494277 5.13279e+06
459250 5.11718e+06
494417 5.13282e+06
459312 5.11777e+06
494344 5.1328e+06
459324 5.11792e+06
494944 5.13269e+06
459088 5.11785e+06
494950 5.13263e+06
459216 5.11783e+06
494697 5.13263e+06
459241 5.11784e+06
494717 5.13249e+06
459357 5.11811e+06
494672 5.1325e+06
459381 5.11814e+06
494647 5.13245e+06
459313 5.11812e+06
494642 5.13244e+06
459527 5.1179e+06
494622 5.13241e+06
459412 5.11816e+06
494608 5.13238e+06
459523 5.11797e+06
494537 5.13239e+06
459714 5.11793e+06
494462 5.13239e+06
459564 5.11801e+06
494416 5.13234e+06
459419 5.11797e+06
494320 5.13224e+06
459688 5.118e+06
494302 5.13224e+06
459572 5.11807e+06
494308 5.13222e+06
459488 5.11807e+06
494194 5.13219e+06
457715 5.11495e+06
494066 5.13216e+06
459625 5.11808e+06
493867 5.13213e+06
457502 5.115e+06
494496 5.13283e+06
459457 5.11818e+06
466297 5.11926e+06
459503 5.11818e+06
497192 5.13421e+06
459780 5.11834e+06
494488 5.13244e+06
459821 5.11832e+06
494540 5.13252e+06
459459 5.1185e+06
493530 5.13183e+06
459683 5.11817e+06
499383 5.13694e+06
460001 5.1184e+06
499379 5.13692e+06
459434 5.11844e+06
499295 5.13696e+06
459767 5.11803e+06
491404 5.12985e+06
459843 5.11802e+06
491342 5.12987e+06
459513 5.11832e+06
491117 5.12991e+06
460088 5.11817e+06
491026 5.12975e+06
460204 5.11819e+06
477534 5.12481e+06
460209 5.11822e+06
494694 5.13264e+06
460297 5.11823e+06
463199 5.11797e+06
460378 5.11829e+06
499405 5.13715e+06
459381 5.11843e+06
494345 5.1324e+06
459458 5.11831e+06
494265 5.13241e+06
459553 5.11834e+06
491564 5.1302e+06
460784 5.11718e+06
494723 5.13244e+06
459375 5.11816e+06
464347 5.11857e+06
460097 5.11735e+06
463949 5.11859e+06
459061 5.11814e+06
463921 5.11859e+06
459884 5.1177e+06
464925 5.11885e+06
460331 5.11766e+06
477549 5.12485e+06
460572 5.11787e+06
491362 5.12984e+06
460179 5.11805e+06
494076 5.13212e+06
460197 5.11807e+06
494076 5.13207e+06
460235 5.11813e+06
493893 5.13206e+06
460113 5.11809e+06
495910 5.13331e+06
460211 5.11814e+06
494959 5.13257e+06
460256 5.11795e+06
494959 5.13249e+06
460286 5.11785e+06
494969 5.13237e+06
459850 5.11778e+06
494964 5.13237e+06
460737 5.11795e+06
494805 5.13234e+06
460947 5.11799e+06
494767 5.13236e+06
461092 5.11802e+06
494722 5.13236e+06
461283 5.11808e+06
493033 5.13146e+06
461582 5.11805e+06
491185 5.12958e+06
462020 5.11833e+06
491178 5.12957e+06
462282 5.11829e+06
491033 5.12938e+06
462242 5.118e+06
490851 5.12909e+06
461051 5.11795e+06
490761 5.12897e+06
461786 5.11761e+06
490740 5.12894e+06
459839 5.11782e+06
489774 5.12839e+06
460636 5.11799e+06
489571 5.12828e+06
460800 5.11805e+06
488940 5.12794e+06
460793 5.11806e+06
488536 5.12772e+06
460662 5.11817e+06
488314 5.12764e+06
460717 5.11804e+06
488167 5.12746e+06
459132 5.11716e+06
487936 5.12726e+06
461686 5.11849e+06
487813 5.12723e+06
461871 5.11861e+06
487486 5.12717e+06
462048 5.11872e+06
487516 5.12709e+06
458692 5.11744e+06
487452 5.12688e+06
461760 5.11856e+06
487169 5.12661e+06
462120 5.11875e+06
487095 5.12653e+06
459930 5.11852e+06
486956 5.1264e+06
459873 5.1186e+06
486953 5.12638e+06
462375 5.11874e+06
486950 5.12626e+06
460201 5.11841e+06
486877 5.12618e+06
462266 5.11896e+06
486530 5.12593e+06
460595 5.11842e+06
486497 5.12587e+06
460391 5.11872e+06
486421 5.12574e+06
460898 5.11722e+06
486349 5.12562e+06
460475 5.11884e+06
486336 5.1256e+06
458556 5.11743e+06
486283 5.12556e+06
459324 5.11824e+06
485942 5.12541e+06
459281 5.11827e+06
484342 5.12375e+06
459123 5.11835e+06
484387 5.12356e+06
459087 5.11836e+06
484040 5.12354e+06
459099 5.11845e+06
483904 5.12347e+06
460464 5.11887e+06
483846 5.12343e+06
461663 5.11886e+06
483752 5.12337e+06
461754 5.1191e+06
483395 5.12316e+06
462033 5.11928e+06
483247 5.12309e+06
461600 5.11922e+06
483043 5.12299e+06
457704 5.11494e+06
482996 5.12298e+06
460387 5.11929e+06
482873 5.12296e+06
461378 5.11945e+06
482171 5.12277e+06
457716 5.11438e+06
481875 5.12272e+06
461365 5.11937e+06
481458 5.12266e+06
459846 5.11787e+06
480996 5.12253e+06
461642 5.11942e+06
480014 5.12231e+06
461684 5.11959e+06
479900 5.12229e+06
461494 5.11968e+06
479884 5.12228e+06
462186 5.11954e+06
479808 5.12226e+06
457654 5.11452e+06
479584 5.12222e+06
459335 5.11825e+06
478594 5.12188e+06
460261 5.11636e+06
478427 5.12192e+06
460305 5.11632e+06
478246 5.12189e+06
461063 5.11655e+06
478191 5.12186e+06
461093 5.11654e+06
478135 5.12185e+06
461092 5.11656e+06
477916 5.12176e+06
461135 5.11658e+06
477808 5.1217e+06
461389 5.11646e+06
477227 5.12149e+06
461210 5.11661e+06
476702 5.12124e+06
461188 5.11666e+06
476496 5.12116e+06
461042 5.11682e+06
476350 5.1211e+06
461128 5.11696e+06
475990 5.12096e+06
460991 5.11708e+06
475714 5.12087e+06
460720 5.11672e+06
475660 5.12087e+06
461009 5.11663e+06
475613 5.12086e+06
461455 5.11672e+06
475285 5.12078e+06
461364 5.117e+06
474540 5.12062e+06
461373 5.11703e+06
474478 5.12059e+06
461648 5.11716e+06
474278 5.12052e+06
461367 5.11714e+06
473857 5.12036e+06
462441 5.11734e+06
473527 5.12026e+06
462697 5.11754e+06
473450 5.12025e+06
463106 5.11789e+06
473363 5.12024e+06
463122 5.11791e+06
473184 5.12019e+06
463135 5.11792e+06
473082 5.12016e+06
463199 5.11797e+06
472861 5.12012e+06
463432 5.1179e+06
472593 5.12013e+06
463211 5.118e+06
472107 5.12008e+06
462899 5.11852e+06
471892 5.12005e+06
464020 5.11833e+06
471630 5.12002e+06
465024 5.11858e+06
471185 5.11994e+06
464906 5.1187e+06
471148 5.11993e+06
464891 5.11874e+06
470747 5.11984e+06
464946 5.11876e+06
470584 5.11981e+06
465218 5.1189e+06
469591 5.11945e+06
464925 5.11885e+06
469387 5.11943e+06
465282 5.11892e+06
468900 5.1194e+06
465466 5.11897e+06
468876 5.11939e+06
465534 5.11903e+06
468381 5.11931e+06
465558 5.11906e+06
468110 5.11926e+06
466228 5.11938e+06
467825 5.11922e+06
466515 5.11928e+06
491226 5.1296e+06
466526 5.11958e+06
491209 5.12958e+06
466533 5.11977e+06
491205 5.12957e+06
466193 5.12018e+06
491189 5.12954e+06
467801 5.12032e+06
491054 5.12936e+06
468855 5.1212e+06
493878 5.1321e+06
469002 5.1213e+06
493727 5.13216e+06
469219 5.12148e+06
493709 5.13216e+06
469188 5.12165e+06
493701 5.13216e+06
469141 5.12173e+06
493648 5.13215e+06
468591 5.12159e+06
493664 5.13209e+06
469321 5.12141e+06
492744 5.13136e+06
469255 5.12172e+06
478174 5.12188e+06
469394 5.12188e+06
493559 5.13178e+06
469505 5.12203e+06
494727 5.13239e+06
469499 5.1218e+06
494806 5.13232e+06
469923 5.12228e+06
494811 5.13224e+06
469512 5.12181e+06
494706 5.13224e+06
470082 5.12233e+06
494614 5.13223e+06
469820 5.1219e+06
494561 5.13215e+06
470034 5.12196e+06
494548 5.13214e+06
469522 5.12152e+06
494458 5.13212e+06
469405 5.12136e+06
494360 5.1321e+06
469500 5.12129e+06
494330 5.13209e+06
469590 5.12168e+06
494288 5.13207e+06
469521 5.12128e+06
494251 5.13204e+06
469123 5.12176e+06
494087 5.13195e+06
469076 5.12183e+06
494079 5.13194e+06
469068 5.12184e+06
494053 5.13184e+06
468980 5.12192e+06
493861 5.13184e+06
468555 5.12168e+06
493731 5.13184e+06
468088 5.1217e+06
494010 5.13264e+06
470312 5.12237e+06
494220 5.13215e+06
470180 5.12202e+06
494178 5.13213e+06
470348 5.12208e+06
495983 5.13316e+06
470459 5.12212e+06
495902 5.13307e+06
469611 5.12149e+06
495881 5.13304e+06
470370 5.12225e+06
495883 5.13304e+06
469710 5.12159e+06
495965 5.13287e+06
466511 5.11926e+06
495839 5.1328e+06
466552 5.11927e+06
495533 5.13256e+06
469381 5.12163e+06
495399 5.13252e+06
469185 5.12176e+06
495318 5.13247e+06
466391 5.12027e+06
472492 5.12068e+06
469512 5.12142e+06
472293 5.12066e+06
469634 5.12171e+06
471964 5.12048e+06
469587 5.12174e+06
471728 5.1203e+06
469644 5.12172e+06
471562 5.12017e+06
469600 5.12175e+06
471381 5.12005e+06
470072 5.12187e+06
494489 5.13287e+06
469376 5.12119e+06
494506 5.13224e+06
469920 5.12162e+06
494972 5.13232e+06
469191 5.12188e+06
494367 5.13209e+06
470264 5.12196e+06
494526 5.13234e+06
469927 5.12162e+06
495698 5.13308e+06
469296 5.12194e+06
487955 5.12703e+06
470511 5.1224e+06
487951 5.12701e+06
470024 5.12158e+06
487928 5.12694e+06
469799 5.12167e+06
487828 5.12659e+06
469820 5.12169e+06
487534 5.12647e+06
469829 5.1217e+06
487371 5.12638e+06
470676 5.12246e+06
487257 5.12629e+06
470979 5.12265e+06
494412 5.13254e+06
471000 5.12266e+06
494285 5.13256e+06
471437 5.12308e+06
494478 5.13266e+06
471714 5.12271e+06
499438 5.13716e+06
471581 5.12306e+06
495868 5.13307e+06
471395 5.12311e+06
496211 5.13316e+06
472005 5.12294e+06
496180 5.13314e+06
471554 5.12321e+06
496063 5.13298e+06
472025 5.12295e+06
479001 5.12555e+06
472002 5.12297e+06
491248 5.12956e+06
472314 5.12367e+06
494979 5.13224e+06
471443 5.12326e+06
494910 5.13224e+06
473320 5.12429e+06
494523 5.13208e+06
473206 5.124e+06
493352 5.13183e+06
473371 5.12433e+06
493271 5.13175e+06
473564 5.12433e+06
493231 5.13173e+06
474191 5.12433e+06
479717 5.12592e+06
473757 5.12412e+06
479451 5.1258e+06
474502 5.12432e+06
479218 5.12578e+06
473682 5.1241e+06
478829 5.12572e+06
470898 5.12271e+06
494082 5.13204e+06
470033 5.1211e+06
493903 5.13202e+06
467252 5.11917e+06
491242 5.12956e+06
470923 5.12232e+06
494649 5.13264e+06
467825 5.11922e+06
495373 5.13312e+06
470939 5.1223e+06
485724 5.12471e+06
469890 5.12163e+06
485112 5.12405e+06
470422 5.1218e+06
492058 5.13098e+06
471793 5.12261e+06
491970 5.13096e+06
470086 5.12155e+06
491746 5.13089e+06
467900 5.11944e+06
491633 5.13084e+06
468072 5.11948e+06
491277 5.13068e+06
468327 5.11954e+06
491056 5.13059e+06
472499 5.1228e+06
490955 5.13042e+06
468333 5.11976e+06
490754 5.13041e+06
468743 5.11965e+06
490599 5.13039e+06
472626 5.12258e+06
490311 5.13034e+06
472499 5.12281e+06
490264 5.13031e+06
468656 5.11985e+06
489821 5.13021e+06
468490 5.11968e+06
489627 5.13017e+06
469129 5.11975e+06
489413 5.13014e+06
472920 5.1233e+06
489238 5.13017e+06
469292 5.1199e+06
488816 5.13024e+06
469241 5.12008e+06
488748 5.13037e+06
473151 5.12392e+06
488670 5.13037e+06
469586 5.12013e+06
488484 5.13029e+06
469141 5.12006e+06
488255 5.13021e+06
466079 5.11955e+06
488165 5.13017e+06
465671 5.11938e+06
487936 5.13001e+06
466727 5.1188e+06
487559 5.12994e+06
466255 5.11831e+06
487437 5.12992e+06
466297 5.11926e+06
487392 5.12991e+06
469193 5.1219e+06
487305 5.1299e+06
469170 5.12189e+06
487254 5.12989e+06
469311 5.12196e+06
487143 5.12987e+06
469332 5.12197e+06
485530 5.12889e+06
469607 5.12237e+06
485532 5.12891e+06
469630 5.1224e+06
494687 5.13213e+06
469369 5.12235e+06
488557 5.1277e+06
469842 5.12267e+06
496222 5.13315e+06
469613 5.12271e+06
494238 5.13229e+06
469937 5.12278e+06
494262 5.1321e+06
470183 5.12278e+06
494512 5.13287e+06
470002 5.12256e+06
494918 5.13299e+06
469984 5.12284e+06
494779 5.13296e+06
469539 5.12278e+06
494770 5.13296e+06
469943 5.12301e+06
494712 5.13295e+06
470118 5.12309e+06
494643 5.13294e+06
470405 5.1234e+06
488673 5.12801e+06
470465 5.12355e+06
471668 5.12086e+06
470489 5.12354e+06
473088 5.12142e+06
471041 5.12324e+06
464068 5.11826e+06
470912 5.12317e+06
492660 5.13146e+06
470752 5.12369e+06
479488 5.12575e+06
471236 5.12396e+06
491516 5.13022e+06
471319 5.12397e+06
494876 5.13269e+06
471673 5.12406e+06
471878 5.12009e+06
471772 5.124e+06
493214 5.13175e+06
471862 5.12394e+06
477211 5.12154e+06
471943 5.12413e+06
494352 5.13202e+06
472065 5.12444e+06
493905 5.13251e+06
472141 5.12463e+06
493882 5.13252e+06
473893 5.12465e+06
493847 5.13253e+06
472051 5.12454e+06
493848 5.13245e+06
473935 5.12467e+06
493834 5.13242e+06
471798 5.12369e+06
480998 5.12248e+06
472008 5.12415e+06
481868 5.12277e+06
472209 5.1242e+06
493252 5.13154e+06
473907 5.12467e+06
490900 5.12908e+06
474203 5.12483e+06
495943 5.13316e+06
474107 5.12486e+06
470995 5.12068e+06
474269 5.12486e+06
483297 5.12304e+06
474685 5.12516e+06
494481 5.13264e+06
474645 5.12519e+06
495157 5.13309e+06
475529 5.12525e+06
499314 5.13668e+06
475881 5.125e+06
493208 5.13176e+06
471403 5.12389e+06
492796 5.13137e+06
471447 5.12385e+06
472536 5.12068e+06
466812 5.11878e+06
486904 5.12642e+06
470051 5.12172e+06
497660 5.13481e+06
470175 5.12178e+06
497642 5.13479e+06
468110 5.11926e+06
494437 5.13217e+06
468129 5.11916e+06
466223 5.11924e+06
468357 5.11918e+06
496305 5.13353e+06
468381 5.11931e+06
473901 5.12028e+06
468727 5.11918e+06
488471 5.13022e+06
468876 5.11939e+06
488321 5.13018e+06
468801 5.11929e+06
488255 5.1277e+06
468900 5.1194e+06
495021 5.13249e+06
469327 5.1193e+06
494531 5.13286e+06
469387 5.11943e+06
477249 5.12143e+06
469240 5.11912e+06
495776 5.13302e+06
469591 5.11945e+06
495677 5.13299e+06
468153 5.11903e+06
495649 5.13296e+06
468183 5.11886e+06
495456 5.1329e+06
467958 5.11907e+06
495353 5.13286e+06
468176 5.11884e+06
495189 5.1328e+06
470368 5.12187e+06
494524 5.13204e+06
466873 5.11866e+06
487826 5.12994e+06
468516 5.12e+06
487649 5.12984e+06
468308 5.11886e+06
487603 5.12983e+06
468293 5.11883e+06
487477 5.1298e+06
468802 5.12034e+06
487321 5.12977e+06
469287 5.12035e+06
483730 5.12346e+06
470275 5.12071e+06
483432 5.12341e+06
468359 5.11898e+06
483427 5.12338e+06
468465 5.11896e+06
486572 5.12615e+06
466223 5.11924e+06
486526 5.12613e+06
469296 5.11878e+06
486506 5.12608e+06
467628 5.11852e+06
475244 5.12252e+06
467866 5.11851e+06
474972 5.12254e+06
467961 5.1186e+06
482116 5.12287e+06
468198 5.11867e+06
481994 5.12285e+06
468070 5.11869e+06
494536 5.13288e+06
469310 5.11866e+06
489441 5.1298e+06
469959 5.11874e+06
488826 5.12983e+06
467568 5.1186e+06
488809 5.12983e+06
468018 5.1185e+06
488472 5.12983e+06
469320 5.11844e+06
488397 5.12982e+06
469569 5.11789e+06
488254 5.12984e+06
469950 5.11901e+06
488007 5.12986e+06
467906 5.11828e+06
487886 5.12986e+06
469455 5.11846e+06
483030 5.12293e+06
466956 5.11843e+06
495926 5.13316e+06
468210 5.11822e+06
497175 5.13429e+06
466739 5.11862e+06
485528 5.12885e+06
466782 5.1184e+06
473504 5.12021e+06
462862 5.11861e+06
493198 5.13148e+06
462823 5.11862e+06
493144 5.13142e+06
465465 5.11874e+06
493137 5.13142e+06
465831 5.11851e+06
463135 5.11792e+06
465487 5.11874e+06
