477642 5.14985e+06
477494 5.14988e+06
477453 5.1494e+06
477449 5.14979e+06
477666 5.14989e+06
477337 5.14912e+06
477249 5.14882e+06
476989 5.14873e+06
476608 5.14841e+06
477026 5.14999e+06
476994 5.14993e+06
477702 5.14997e+06
476708 5.14947e+06
476539 5.14912e+06
476484 5.14909e+06
476957 5.14978e+06
476195 5.1488e+06
476558 5.14918e+06
475406 5.14844e+06
475377 5.14842e+06
474753 5.14815e+06
474422 5.14784e+06
474009 5.14745e+06
473641 5.14705e+06
476169 5.14913e+06
476030 5.14911e+06
475808 5.14904e+06
474744 5.14831e+06
473530 5.14675e+06
476254 5.14952e+06
473326 5.14703e+06
473442 5.14681e+06
477873 5.14989e+06
475978 5.14919e+06
475673 5.14961e+06
475516 5.14837e+06
475506 5.14836e+06
473467 5.14621e+06
476609 5.15017e+06
473460 5.14618e+06
473182 5.14618e+06
473441 5.14596e+06
473015 5.14563e+06
472801 5.14608e+06
472718 5.14605e+06
472700 5.14607e+06
473324 5.1477e+06
473425 5.14579e+06
472449 5.14601e+06
472458 5.14603e+06
477174 5.14983e+06
475618 5.14842e+06
477955 5.14997e+06
472304 5.14558e+06
473415 5.14559e+06
474024 5.14819e+06
475701 5.14825e+06
475077 5.14984e+06
472276 5.14536e+06
472247 5.14532e+06
471958 5.14604e+06
472962 5.14778e+06
475690 5.14841e+06
472895 5.14765e+06
475735 5.14823e+06
473207 5.14784e+06
473144 5.14783e+06
472876 5.14752e+06
472941 5.1475e+06
472495 5.14614e+06
472914 5.14751e+06
472755 5.14724e+06
473181 5.14789e+06
472657 5.14694e+06
472646 5.14758e+06
472510 5.14728e+06
472574 5.14743e+06
472446 5.14713e+06
477752 5.14875e+06
477667 5.14868e+06
477231 5.14831e+06
472373 5.14694e+06
476753 5.14766e+06
472430 5.14765e+06
475940 5.14724e+06
472312 5.14751e+06
475450 5.14696e+06
472209 5.14737e+06
473777 5.14617e+06
472108 5.14723e+06
472022 5.14715e+06
474990 5.14638e+06
473207 5.14647e+06
472049 5.14623e+06
473784 5.14609e+06
473772 5.14607e+06
472024 5.147e+06
473635 5.14516e+06
474698 5.14581e+06
475909 5.14829e+06
477886 5.15044e+06
473053 5.14795e+06
473658 5.14511e+06
476799 5.14743e+06
476791 5.14741e+06
475922 5.14824e+06
477881 5.15045e+06
475749 5.14805e+06
475692 5.14799e+06
476631 5.14737e+06
476112 5.14701e+06
475725 5.14805e+06
475667 5.14801e+06
472186 5.14538e+06
476817 5.14742e+06
472158 5.14532e+06
472160 5.1454e+06
471971 5.14662e+06
472136 5.14534e+06
472115 5.14522e+06
472131 5.14533e+06
472015 5.14521e+06
471961 5.1451e+06
475998 5.14671e+06
475974 5.14666e+06
474048 5.14578e+06
471958 5.14488e+06
475747 5.14795e+06
471944 5.14491e+06
473008 5.14803e+06
477122 5.14852e+06
471927 5.14487e+06
472791 5.14792e+06
472139 5.14512e+06
472084 5.145e+06
475724 5.14618e+06
472590 5.14526e+06
475583 5.14815e+06
475691 5.14609e+06
472587 5.1452e+06
471752 5.14442e+06
472555 5.14521e+06
475614 5.14593e+06
473144 5.14798e+06
475154 5.14541e+06
474989 5.14527e+06
471235 5.14659e+06
472201 5.14472e+06
474496 5.14504e+06
474430 5.145e+06
473122 5.1479e+06
474049 5.14482e+06
473950 5.14476e+06
473943 5.14475e+06
473860 5.14467e+06
473872 5.14474e+06
475502 5.14821e+06
472421 5.14525e+06
472350 5.14523e+06
473823 5.14456e+06
473788 5.14489e+06
474511 5.14498e+06
474481 5.14496e+06
471890 5.14536e+06
471926 5.14472e+06
472341 5.14527e+06
473763 5.14458e+06
473632 5.14445e+06
475200 5.14594e+06
472300 5.14528e+06
473844 5.14479e+06
477402 5.15049e+06
473622 5.14438e+06
472291 5.14523e+06
473621 5.14436e+06
472260 5.14529e+06
475415 5.14827e+06
472849 5.14817e+06
473576 5.14428e+06
473574 5.14426e+06
473464 5.1442e+06
474044 5.14524e+06
475396 5.14828e+06
473462 5.14419e+06
471908 5.14538e+06
473858 5.14444e+06
473379 5.14417e+06
477412 5.15051e+06
471888 5.14539e+06
471871 5.14536e+06
473858 5.14442e+06
473178 5.1441e+06
473179 5.14804e+06
473598 5.14464e+06
471858 5.1454e+06
473431 5.14422e+06
473842 5.14438e+06
473803 5.14432e+06
473719 5.14432e+06
473478 5.14442e+06
471799 5.14542e+06
470466 5.14656e+06
471947 5.14537e+06
472290 5.14378e+06
473759 5.14526e+06
474578 5.14498e+06
472200 5.14375e+06
471681 5.14539e+06
473414 5.14465e+06
472005 5.14368e+06
473609 5.14427e+06
471563 5.14344e+06
471498 5.14341e+06
473325 5.14433e+06
471360 5.14337e+06
470892 5.14309e+06
470825 5.14306e+06
471105 5.14297e+06
473082 5.14815e+06
473836 5.14427e+06
470601 5.14298e+06
472312 5.14375e+06
473429 5.14411e+06
470529 5.14296e+06
473414 5.14457e+06
471420 5.14535e+06
473567 5.1447e+06
473159 5.14462e+06
470225 5.14284e+06
469870 5.14259e+06
469658 5.14243e+06
468908 5.14187e+06
467557 5.14086e+06
471276 5.14474e+06
467185 5.14064e+06
473420 5.14488e+06
475292 5.1453e+06
466764 5.14045e+06
473179 5.14454e+06
470798 5.14454e+06
470772 5.1423e+06
468294 5.13966e+06
467885 5.13936e+06
467809 5.13931e+06
468109 5.13957e+06
467979 5.13947e+06
472930 5.14467e+06
464647 5.13679e+06
463829 5.1361e+06
463151 5.1355e+06
472489 5.1445e+06
472133 5.14424e+06
463009 5.13537e+06
471760 5.14401e+06
462985 5.13535e+06
462832 5.13526e+06
462707 5.13516e+06
473135 5.14817e+06
462588 5.135e+06
462738 5.13526e+06
462688 5.13522e+06
461672 5.1342e+06
461556 5.1341e+06
460128 5.1331e+06
478143 5.14873e+06
466383 5.14049e+06
470461 5.14169e+06
472202 5.14446e+06
473918 5.14416e+06
466356 5.14049e+06
456286 5.13116e+06
456104 5.13108e+06
476840 5.14656e+06
455798 5.13094e+06
455476 5.13081e+06
473043 5.14498e+06
468322 5.13965e+06
468229 5.13959e+06
467820 5.13929e+06
454618 5.13042e+06
472882 5.14475e+06
468158 5.13948e+06
468021 5.13937e+06
464662 5.13677e+06
466945 5.14093e+06
466883 5.14086e+06
474128 5.14615e+06
463986 5.1362e+06
466420 5.14046e+06
466212 5.14027e+06
471228 5.14291e+06
473980 5.1449e+06
471783 5.14442e+06
463175 5.13548e+06
463035 5.13536e+06
463024 5.13535e+06
448414 5.12671e+06
462611 5.13498e+06
466292 5.14063e+06
478161 5.14857e+06
466179 5.14058e+06
462953 5.13523e+06
465432 5.13994e+06
462816 5.13511e+06
461699 5.13419e+06
471847 5.14388e+06
461588 5.13409e+06
460150 5.13309e+06
471757 5.14385e+06
458933 5.13243e+06
458383 5.13213e+06
458225 5.13208e+06
472965 5.14504e+06
470065 5.14461e+06
465956 5.14054e+06
470709 5.14264e+06
456317 5.13116e+06
455897 5.13087e+06
465302 5.13996e+06
455862 5.13087e+06
455814 5.13092e+06
471796 5.14452e+06
477129 5.1475e+06
455900 5.13085e+06
455862 5.13085e+06
459858 5.13322e+06
473989 5.14494e+06
455812 5.13083e+06
462976 5.13518e+06
455228 5.13066e+06
471856 5.14454e+06
462923 5.13513e+06
473799 5.14544e+06
472463 5.14376e+06
454636 5.1304e+06
455823 5.13089e+06
454197 5.13022e+06
474033 5.14489e+06
465352 5.14039e+06
465265 5.14032e+06
474013 5.14404e+06
453087 5.12967e+06
462830 5.13545e+06
455928 5.13083e+06
448410 5.12669e+06
465086 5.14005e+06
473734 5.14471e+06
462761 5.13545e+06
464937 5.14e+06
455847 5.13083e+06
473730 5.14398e+06
473593 5.14386e+06
476788 5.14606e+06
462786 5.13547e+06
464867 5.13989e+06
465911 5.1406e+06
470903 5.14565e+06
469851 5.14311e+06
462769 5.13548e+06
462746 5.13546e+06
471357 5.1445e+06
471310 5.1445e+06
455323 5.13097e+06
464761 5.14e+06
464748 5.13999e+06
474068 5.1449e+06
473263 5.1438e+06
464867 5.1398e+06
462737 5.1355e+06
464985 5.14035e+06
464760 5.13998e+06
471176 5.1445e+06
466163 5.14098e+06
464428 5.1399e+06
471344 5.14283e+06
465413 5.13949e+06
464525 5.13988e+06
455244 5.13076e+06
464446 5.13985e+06
459338 5.13329e+06
472237 5.14328e+06
471086 5.14316e+06
464343 5.13982e+06
464348 5.1399e+06
464345 5.13981e+06
464732 5.14003e+06
464983 5.14027e+06
464321 5.1399e+06
472246 5.14326e+06
464928 5.14027e+06
469896 5.14213e+06
464263 5.1399e+06
464794 5.1401e+06
471351 5.14449e+06
470778 5.1452e+06
464231 5.1398e+06
474044 5.14657e+06
470751 5.14412e+06
469445 5.14167e+06
462656 5.13556e+06
470608 5.14402e+06
464436 5.13994e+06
463904 5.13962e+06
470458 5.14484e+06
464213 5.1399e+06
472681 5.14446e+06
464364 5.13992e+06
464697 5.14009e+06
472493 5.14496e+06
476378 5.14611e+06
464562 5.13984e+06
459179 5.13333e+06
469396 5.14169e+06
455511 5.13104e+06
464693 5.14025e+06
455470 5.13103e+06
462616 5.13558e+06
465012 5.14028e+06
466307 5.14078e+06
469043 5.14459e+06
469008 5.1412e+06
464558 5.14035e+06
455480 5.13106e+06
469012 5.14294e+06
468631 5.1426e+06
468253 5.14232e+06
467788 5.14018e+06
462587 5.1356e+06
463926 5.13955e+06
464408 5.13998e+06
462670 5.13546e+06
459327 5.13305e+06
478289 5.14819e+06
464467 5.14036e+06
465273 5.13958e+06
463327 5.1393e+06
464269 5.14029e+06
475578 5.14522e+06
465254 5.13959e+06
471130 5.14391e+06
464205 5.14026e+06
447250 5.12678e+06
464117 5.14021e+06
476808 5.14564e+06
468407 5.14443e+06
463132 5.13926e+06
469676 5.14384e+06
476742 5.14563e+06
464630 5.14017e+06
464784 5.14018e+06
464401 5.13958e+06
463904 5.13996e+06
464508 5.14014e+06
464420 5.14006e+06
464133 5.13941e+06
464129 5.14015e+06
463892 5.14001e+06
470405 5.14578e+06
463890 5.13997e+06
463241 5.13529e+06
467913 5.14233e+06
467846 5.14228e+06
476041 5.1454e+06
473263 5.14837e+06
464405 5.13953e+06
464206 5.14001e+06
463858 5.13998e+06
464290 5.14003e+06
472135 5.14543e+06
465446 5.13907e+06
463166 5.1392e+06
462498 5.13496e+06
462235 5.13568e+06
463255 5.13525e+06
458559 5.13339e+06
463871 5.13976e+06
455327 5.13116e+06
461628 5.13421e+06
461510 5.13411e+06
460470 5.13334e+06
460264 5.13321e+06
463836 5.14026e+06
468269 5.13979e+06
455309 5.13118e+06
464781 5.14023e+06
463277 5.13528e+06
447247 5.12676e+06
467451 5.14417e+06
464458 5.1402e+06
459180 5.13281e+06
473503 5.14847e+06
462815 5.13916e+06
469803 5.14348e+06
460428 5.1329e+06
460252 5.13278e+06
460146 5.13271e+06
459733 5.13243e+06
459593 5.13233e+06
473389 5.14831e+06
459344 5.13215e+06
459205 5.13206e+06
458987 5.13191e+06
458574 5.13162e+06
458352 5.13146e+06
457809 5.13109e+06
457740 5.13104e+06
457449 5.13084e+06
457436 5.13083e+06
457273 5.13071e+06
457107 5.1306e+06
457006 5.13053e+06
456935 5.13048e+06
456798 5.13042e+06
469143 5.14314e+06
456629 5.13034e+06
456554 5.13031e+06
456437 5.13026e+06
456297 5.1302e+06
456185 5.13015e+06
456126 5.13012e+06
456019 5.13007e+06
456132 5.13073e+06
455751 5.12995e+06
455654 5.1299e+06
454280 5.13083e+06
455490 5.12981e+06
455142 5.12962e+06
455095 5.1296e+06
454980 5.12954e+06
454639 5.12936e+06
466709 5.14031e+06
466602 5.14023e+06
454309 5.12918e+06
453961 5.12899e+06
453631 5.1288e+06
463302 5.13527e+06
463856 5.14014e+06
457417 5.13085e+06
457321 5.13078e+06
457233 5.13072e+06
463280 5.13524e+06
458340 5.13256e+06
467191 5.14222e+06
464430 5.14048e+06
464088 5.14039e+06
474236 5.14384e+06
453614 5.12881e+06
457439 5.13086e+06
463982 5.14035e+06
458056 5.13247e+06
461878 5.13494e+06
464481 5.13948e+06
463439 5.14001e+06
460187 5.13282e+06
463477 5.13976e+06
470110 5.14429e+06
453243 5.12836e+06
464427 5.13926e+06
453015 5.12824e+06
466492 5.14189e+06
455380 5.13116e+06
457825 5.1324e+06
464490 5.14021e+06
464291 5.14011e+06
455991 5.13076e+06
463672 5.14013e+06
458113 5.13343e+06
467433 5.14037e+06
457139 5.13057e+06
463629 5.14012e+06
457550 5.13232e+06
457428 5.13228e+06
457417 5.13228e+06
456122 5.1302e+06
466726 5.144e+06
452623 5.12783e+06
456064 5.13018e+06
464855 5.14023e+06
464237 5.13929e+06
463985 5.13909e+06
473380 5.14839e+06
472317 5.1427e+06
455992 5.13016e+06
463115 5.13938e+06
459230 5.13276e+06
455872 5.13011e+06
456545 5.13041e+06
459459 5.1324e+06
453121 5.12838e+06
463446 5.14008e+06
456110 5.13022e+06
457127 5.13219e+06
456050 5.13019e+06
458447 5.1317e+06
464438 5.13918e+06
463620 5.14015e+06
446931 5.12679e+06
464268 5.14013e+06
452398 5.12757e+06
456218 5.13028e+06
458965 5.1327e+06
456102 5.13023e+06
454294 5.13068e+06
456928 5.13213e+06
456900 5.13212e+06
469668 5.14398e+06
452200 5.12738e+06
451899 5.12715e+06
446583 5.12685e+06
451490 5.12685e+06
456702 5.13206e+06
451204 5.12662e+06
477425 5.14721e+06
451071 5.12652e+06
450911 5.12644e+06
463187 5.14002e+06
450844 5.1264e+06
450833 5.1264e+06
450783 5.12637e+06
450752 5.12635e+06
450219 5.12605e+06
450853 5.1264e+06
450842 5.12639e+06
449957 5.12589e+06
458082 5.13326e+06
463483 5.13895e+06
459083 5.13235e+06
478405 5.14784e+06
449791 5.12576e+06
458883 5.13225e+06
466338 5.14193e+06
449723 5.12571e+06
449686 5.12569e+06
458343 5.13186e+06
458258 5.13181e+06
449671 5.12568e+06
473166 5.1452e+06
449612 5.12564e+06
458091 5.1317e+06
449499 5.12558e+06
449297 5.12548e+06
449642 5.12567e+06
449604 5.12565e+06
449577 5.12563e+06
449271 5.12546e+06
449252 5.12545e+06
449126 5.12538e+06
449257 5.12546e+06
449115 5.12539e+06
448944 5.1253e+06
456532 5.13201e+06
457335 5.13065e+06
457319 5.13064e+06
467230 5.1404e+06
466937 5.14019e+06
448791 5.12525e+06
457203 5.1306e+06
449574 5.12566e+06
458391 5.13173e+06
446326 5.1265e+06
458181 5.13164e+06
468344 5.13982e+06
478359 5.14784e+06
458059 5.13159e+06
456587 5.13053e+06
457940 5.13154e+06
459927 5.13283e+06
459332 5.13248e+06
457836 5.13149e+06
448589 5.12521e+06
461767 5.13581e+06
467447 5.14375e+06
460921 5.13422e+06
448591 5.12522e+06
459263 5.13274e+06
468333 5.13982e+06
468285 5.13981e+06
449726 5.12568e+06
457007 5.1304e+06
462658 5.13576e+06
448444 5.12518e+06
455784 5.13017e+06
465928 5.14178e+06
449283 5.12544e+06
460895 5.13417e+06
450867 5.12638e+06
478087 5.14751e+06
455594 5.13009e+06
463370 5.13525e+06
448440 5.12519e+06
463178 5.13992e+06
457469 5.13239e+06
465628 5.14096e+06
463311 5.13894e+06
455800 5.13018e+06
460755 5.13414e+06
465933 5.14176e+06
448256 5.12515e+06
452427 5.1279e+06
455887 5.13182e+06
475746 5.14503e+06
448254 5.12516e+06
449230 5.12564e+06
458431 5.13135e+06
450974 5.12681e+06
452304 5.12778e+06
475046 5.14466e+06
448107 5.12512e+06
462317 5.13588e+06
456637 5.13023e+06
458006 5.13257e+06
457992 5.13256e+06
468559 5.14407e+06
457959 5.13254e+06
457932 5.13253e+06
464923 5.14061e+06
447906 5.12506e+06
477736 5.14767e+06
468850 5.14375e+06
467817 5.1429e+06
456515 5.13057e+06
456413 5.1305e+06
447764 5.12501e+06
457859 5.13251e+06
456883 5.13219e+06
467735 5.14253e+06
448564 5.12509e+06
447650 5.12497e+06
450880 5.12634e+06
455542 5.13171e+06
474468 5.1444e+06
447619 5.12497e+06
463305 5.13896e+06
450787 5.12634e+06
449729 5.12561e+06
447627 5.12498e+06
456475 5.13206e+06
456644 5.13021e+06
468292 5.13986e+06
456557 5.13018e+06
460759 5.13419e+06
461388 5.13577e+06
464343 5.14014e+06
452212 5.12765e+06
478529 5.14871e+06
478396 5.14861e+06
461256 5.13563e+06
468382 5.1398e+06
456532 5.13018e+06
451866 5.12722e+06
463249 5.14036e+06
469898 5.14596e+06
456895 5.13032e+06
457930 5.13256e+06
460721 5.13514e+06
454785 5.12969e+06
454652 5.1296e+06
455436 5.1312e+06
450872 5.1263e+06
466910 5.14286e+06
457852 5.13246e+06
468648 5.14487e+06
449237 5.12559e+06
446320 5.12654e+06
474216 5.14434e+06
460717 5.13426e+06
448919 5.12562e+06
447457 5.12496e+06
448273 5.12506e+06
468271 5.13987e+06
449141 5.12557e+06
460697 5.13426e+06
464934 5.14135e+06
467985 5.13976e+06
466950 5.13908e+06
466986 5.14013e+06
466905 5.13906e+06
462589 5.13939e+06
464325 5.14015e+06
448277 5.12504e+06
447668 5.12495e+06
448765 5.12561e+06
459105 5.13184e+06
463274 5.13988e+06
460778 5.13489e+06
450482 5.12677e+06
460767 5.13489e+06
464363 5.14011e+06
460671 5.13415e+06
455243 5.12999e+06
455042 5.12988e+06
463413 5.13523e+06
456127 5.12994e+06
458214 5.13196e+06
449736 5.12554e+06
469300 5.14441e+06
456769 5.13198e+06
457906 5.13261e+06
457391 5.13246e+06
456710 5.13196e+06
460423 5.13386e+06
455864 5.1298e+06
456918 5.13029e+06
463337 5.13879e+06
456754 5.13021e+06
459475 5.13208e+06
459235 5.13194e+06
459171 5.1319e+06
455728 5.12975e+06
460510 5.13427e+06
456309 5.13056e+06
456192 5.1305e+06
448566 5.12498e+06
448550 5.12498e+06
450680 5.126e+06
456553 5.13191e+06
456043 5.13044e+06
460436 5.13425e+06
466955 5.14263e+06
454723 5.1315e+06
446487 5.12682e+06
450223 5.12675e+06
457976 5.1325e+06
449735 5.12551e+06
457890 5.13181e+06
449576 5.12554e+06
468008 5.13975e+06
463333 5.13875e+06
457765 5.13175e+06
446489 5.12683e+06
446096 5.12683e+06
457545 5.13165e+06
448394 5.12495e+06
457137 5.13039e+06
457881 5.13263e+06
460442 5.13424e+06
461400 5.1358e+06
453677 5.1292e+06
453448 5.12907e+06
457227 5.13105e+06
466779 5.14367e+06
448390 5.12497e+06
448299 5.12494e+06
447965 5.12505e+06
456023 5.13045e+06
456499 5.1318e+06
455924 5.13041e+06
457112 5.13101e+06
455893 5.1304e+06
448267 5.12494e+06
460440 5.13422e+06
447878 5.12478e+06
447600 5.12463e+06
456436 5.13178e+06
455805 5.13036e+06
455775 5.13035e+06
457252 5.13106e+06
457000 5.13097e+06
450598 5.12587e+06
450921 5.12636e+06
456689 5.13017e+06
448292 5.12497e+06
455669 5.13031e+06
460513 5.13421e+06
448237 5.12494e+06
453872 5.1311e+06
453424 5.13074e+06
456590 5.13013e+06
453293 5.13063e+06
453038 5.13041e+06
447504 5.1246e+06
474370 5.14374e+06
452729 5.12777e+06
452698 5.12775e+06
448227 5.12492e+06
457796 5.13249e+06
463968 5.14049e+06
452301 5.12994e+06
457230 5.13106e+06
457222 5.13106e+06
460439 5.13419e+06
463233 5.13854e+06
454032 5.1294e+06
450697 5.126e+06
459011 5.13368e+06
449542 5.12544e+06
448833 5.12554e+06
446310 5.12659e+06
447061 5.12498e+06
463184 5.13848e+06
457101 5.13102e+06
456379 5.13214e+06
449856 5.12562e+06
448794 5.12553e+06
457918 5.13248e+06
454704 5.12977e+06
452112 5.12753e+06
448761 5.12552e+06
451954 5.12744e+06
455884 5.12976e+06
456309 5.13066e+06
456988 5.13098e+06
468180 5.13994e+06
455846 5.12975e+06
451784 5.12736e+06
455688 5.13028e+06
455615 5.13024e+06
455590 5.12962e+06
449731 5.12544e+06
455549 5.1302e+06
449497 5.12539e+06
455438 5.12954e+06
463445 5.13522e+06
463028 5.13829e+06
448584 5.12494e+06
450521 5.12575e+06
467289 5.14439e+06
471627 5.1423e+06
454694 5.12977e+06
454506 5.12967e+06
448739 5.12553e+06
456286 5.13067e+06
460170 5.13388e+06
471611 5.14228e+06
455158 5.12946e+06
448267 5.12496e+06
448731 5.12552e+06
447236 5.12458e+06
474336 5.14459e+06
449817 5.12672e+06
454740 5.12929e+06
450463 5.12567e+06
447986 5.12494e+06
470955 5.14194e+06
463374 5.13876e+06
449169 5.12545e+06
474319 5.14359e+06
447966 5.12494e+06
452881 5.12857e+06
446935 5.12499e+06
451616 5.12966e+06
460527 5.13417e+06
465508 5.13837e+06
465389 5.13829e+06
463449 5.13524e+06
457899 5.13087e+06
460392 5.1343e+06
472520 5.1433e+06
457781 5.13082e+06
450267 5.12652e+06
457696 5.13079e+06
451483 5.12961e+06
457528 5.13072e+06
447912 5.12494e+06
451923 5.1279e+06
456343 5.13216e+06
450434 5.12561e+06
456710 5.13018e+06
450040 5.12571e+06
464371 5.14066e+06
462691 5.14011e+06
450334 5.12568e+06
446990 5.12455e+06
451363 5.12956e+06
470857 5.14194e+06
446973 5.12455e+06
446952 5.12454e+06
459908 5.13231e+06
447865 5.12494e+06
450543 5.12575e+06
451304 5.12954e+06
463236 5.13531e+06
449644 5.1267e+06
456313 5.13068e+06
476474 5.14637e+06
456962 5.13024e+06
451249 5.12952e+06
460477 5.13424e+06
465659 5.13903e+06
473588 5.14861e+06
446918 5.12454e+06
456296 5.13069e+06
457551 5.13094e+06
446878 5.12454e+06
462610 5.13996e+06
451137 5.12947e+06
465823 5.13888e+06
446992 5.12453e+06
447857 5.12491e+06
465788 5.13886e+06
450378 5.12552e+06
458067 5.13261e+06
451104 5.12946e+06
450955 5.12634e+06
464550 5.13889e+06
455106 5.13008e+06
454957 5.13e+06
447429 5.12471e+06
446305 5.12662e+06
450056 5.12564e+06
447793 5.12491e+06
457913 5.13087e+06
451003 5.12942e+06
465762 5.13935e+06
450066 5.12557e+06
449987 5.12553e+06
446284 5.12662e+06
462476 5.1389e+06
450953 5.1294e+06
455744 5.1295e+06
455667 5.12946e+06
462082 5.13939e+06
456971 5.13023e+06
455561 5.13029e+06
455593 5.13037e+06
456454 5.13165e+06
449740 5.12536e+06
449865 5.1255e+06
455526 5.13034e+06
471658 5.14228e+06
457435 5.13052e+06
450334 5.12545e+06
465775 5.13889e+06
446957 5.12457e+06
456717 5.13025e+06
446896 5.12456e+06
452757 5.12779e+06
456338 5.13161e+06
446957 5.12496e+06
450821 5.12935e+06
473980 5.14355e+06
447541 5.12454e+06
455176 5.12939e+06
454824 5.12921e+06
450332 5.12544e+06
474840 5.14481e+06
446289 5.12659e+06
458524 5.1312e+06
448618 5.12494e+06
446091 5.12679e+06
456775 5.13188e+06
456728 5.13186e+06
447427 5.12452e+06
459904 5.13427e+06
447360 5.1248e+06
447252 5.1245e+06
473850 5.14352e+06
463486 5.1352e+06
458083 5.1326e+06
448271 5.12493e+06
450023 5.12541e+06
457637 5.13366e+06
449993 5.1254e+06
451946 5.12785e+06
451831 5.12779e+06
447283 5.12449e+06
451733 5.12773e+06
451710 5.12772e+06
457926 5.13087e+06
447251 5.12448e+06
451588 5.12766e+06
459763 5.13411e+06
450157 5.12526e+06
449837 5.12512e+06
449767 5.12509e+06
448603 5.12574e+06
459603 5.13403e+06
449878 5.12538e+06
446628 5.125e+06
449677 5.12507e+06
449667 5.12507e+06
449854 5.12538e+06
448440 5.1256e+06
446614 5.125e+06
459529 5.13472e+06
450423 5.12919e+06
458023 5.13265e+06
446297 5.12655e+06
449559 5.12505e+06
449514 5.12503e+06
459243 5.13387e+06
449486 5.12504e+06
449456 5.12502e+06
446419 5.12602e+06
446471 5.12495e+06
455656 5.13164e+06
456978 5.13034e+06
446394 5.12492e+06
446367 5.12491e+06
448318 5.12559e+06
449471 5.12504e+06
449446 5.12503e+06
446417 5.12599e+06
457132 5.13253e+06
449361 5.12492e+06
448227 5.12532e+06
450215 5.12911e+06
446264 5.12488e+06
458887 5.13377e+06
456856 5.13239e+06
446217 5.12486e+06
456569 5.13221e+06
452792 5.12773e+06
450172 5.1291e+06
450003 5.12548e+06
450153 5.12909e+06
447406 5.12444e+06
449291 5.12485e+06
464083 5.13856e+06
446361 5.12449e+06
446140 5.12483e+06
446396 5.12594e+06
446227 5.12577e+06
457458 5.13049e+06
449376 5.12503e+06
456997 5.1302e+06
456703 5.13003e+06
469797 5.14153e+06
446617 5.12502e+06
446091 5.12481e+06
456597 5.12999e+06
446071 5.12559e+06
449230 5.12492e+06
466048 5.14145e+06
446008 5.12552e+06
446305 5.1265e+06
445925 5.12543e+06
446374 5.126e+06
445906 5.12541e+06
449213 5.12478e+06
448760 5.12558e+06
446307 5.12449e+06
446330 5.12597e+06
449197 5.12476e+06
445772 5.12526e+06
450759 5.12599e+06
445702 5.12519e+06
458547 5.13244e+06
451280 5.1293e+06
445649 5.12513e+06
448071 5.12531e+06
445934 5.12476e+06
445487 5.12496e+06
448089 5.12531e+06
449144 5.12471e+06
445377 5.12483e+06
445328 5.1248e+06
449729 5.12524e+06
448628 5.12482e+06
449127 5.12469e+06
445892 5.12543e+06
445870 5.12541e+06
467047 5.1426e+06
455352 5.13039e+06
451228 5.12929e+06
446044 5.1256e+06
445258 5.12476e+06
450183 5.12908e+06
448622 5.12497e+06
445982 5.12553e+06
445748 5.12528e+06
445677 5.1252e+06
463106 5.13538e+06
451218 5.12929e+06
445632 5.12515e+06
450282 5.12576e+06
456337 5.12994e+06
455195 5.12932e+06
445460 5.12497e+06
454881 5.12916e+06
449060 5.12462e+06
449901 5.12901e+06
445354 5.12485e+06
449039 5.1246e+06
445711 5.12468e+06
447982 5.12531e+06
450183 5.12574e+06
456675 5.13005e+06
445094 5.1247e+06
446192 5.12449e+06
459245 5.13469e+06
448999 5.12456e+06
456518 5.13167e+06
462458 5.13866e+06
446445 5.126e+06
445827 5.12541e+06
445004 5.12465e+06
456584 5.13169e+06
448959 5.1249e+06
457963 5.13269e+06
444967 5.12464e+06
446088 5.12445e+06
456018 5.13071e+06
448929 5.1249e+06
445832 5.12543e+06
448916 5.12498e+06
449002 5.12501e+06
445859 5.12678e+06
452811 5.1277e+06
460742 5.1344e+06
452480 5.1275e+06
447140 5.12488e+06
445526 5.1268e+06
444856 5.12459e+06
449799 5.12517e+06
449605 5.12525e+06
451413 5.1297e+06
445972 5.12442e+06
449733 5.12516e+06
449977 5.12662e+06
452219 5.12729e+06
444743 5.12454e+06
451059 5.12927e+06
451050 5.12926e+06
449949 5.12659e+06
448913 5.125e+06
457365 5.13043e+06
448962 5.12449e+06
449206 5.12619e+06
445871 5.1244e+06
468409 5.14504e+06
448916 5.12458e+06
444643 5.12449e+06
464621 5.13825e+06
451054 5.12927e+06
451299 5.12965e+06
451044 5.12927e+06
448896 5.12456e+06
461205 5.13795e+06
444564 5.12445e+06
448810 5.1245e+06
449776 5.12498e+06
457399 5.13258e+06
449744 5.1252e+06
446844 5.12464e+06
455206 5.12928e+06
451917 5.12701e+06
445837 5.12434e+06
451873 5.12758e+06
449723 5.12518e+06
444507 5.12443e+06
456267 5.13169e+06
470266 5.14208e+06
471732 5.14456e+06
451246 5.12924e+06
465299 5.14119e+06
449508 5.12526e+06
451179 5.12961e+06
450318 5.12526e+06
444468 5.12441e+06
457936 5.13271e+06
444444 5.1244e+06
460772 5.1377e+06
450789 5.12916e+06
449791 5.12519e+06
451300 5.12923e+06
451581 5.12976e+06
472362 5.14199e+06
472323 5.14197e+06
445516 5.12495e+06
458058 5.13266e+06
461437 5.13607e+06
449880 5.12508e+06
456763 5.13027e+06
448961 5.12485e+06
447574 5.12442e+06
447389 5.12432e+06
448400 5.1245e+06
444370 5.12437e+06
447337 5.12428e+06
446658 5.1246e+06
451747 5.12814e+06
451733 5.12814e+06
455701 5.13162e+06
455615 5.13155e+06
446417 5.12501e+06
450033 5.12533e+06
450018 5.12532e+06
451253 5.12922e+06
445958 5.12543e+06
449942 5.12528e+06
449814 5.1252e+06
446405 5.12484e+06
464607 5.13818e+06
455532 5.13046e+06
446395 5.12501e+06
472253 5.14197e+06
451212 5.12921e+06
444249 5.12432e+06
447328 5.12426e+06
473300 5.14535e+06
445671 5.12542e+06
448770 5.1246e+06
445777 5.12442e+06
447316 5.12426e+06
448461 5.12447e+06
447285 5.12424e+06
445959 5.12541e+06
449468 5.12518e+06
451462 5.12974e+06
449665 5.12656e+06
445681 5.12544e+06
448450 5.12446e+06
449649 5.12899e+06
459427 5.13429e+06
450496 5.12905e+06
444168 5.12429e+06
451204 5.12933e+06
445825 5.12556e+06
445614 5.12532e+06
446579 5.12508e+06
448973 5.12445e+06
445527 5.12493e+06
445466 5.12489e+06
459588 5.13191e+06
447585 5.12442e+06
458786 5.13384e+06
445561 5.12524e+06
451307 5.12918e+06
444072 5.12425e+06
446202 5.12604e+06
445545 5.12521e+06
447268 5.12427e+06
445353 5.12501e+06
443979 5.12418e+06
445487 5.12517e+06
443961 5.12416e+06
443923 5.12412e+06
443893 5.1241e+06
443784 5.124e+06
456949 5.13119e+06
456770 5.13028e+06
445452 5.12513e+06
456923 5.13118e+06
448924 5.12439e+06
451207 5.12922e+06
445407 5.1251e+06
446328 5.12436e+06
449788 5.12494e+06
472374 5.14196e+06
451354 5.12804e+06
456843 5.13115e+06
449781 5.12494e+06
443621 5.1238e+06
451132 5.12788e+06
443595 5.12377e+06
458620 5.13456e+06
443924 5.12411e+06
477592 5.14726e+06
456531 5.13157e+06
450901 5.12927e+06
457086 5.13124e+06
451051 5.12958e+06
443957 5.12413e+06
458598 5.1318e+06
449695 5.12493e+06
449221 5.12498e+06
458618 5.13379e+06
446184 5.12604e+06
446269 5.1267e+06
451317 5.12923e+06
450377 5.12903e+06
445611 5.12478e+06
474641 5.14424e+06
456799 5.13176e+06
448330 5.1243e+06
446292 5.12671e+06
445861 5.1243e+06
474447 5.14414e+06
474228 5.144e+06
445791 5.1244e+06
472378 5.14194e+06
456708 5.13173e+06
466121 5.13924e+06
455397 5.13047e+06
449786 5.12493e+06
446691 5.12489e+06
468299 5.13988e+06
445499 5.12524e+06
446330 5.12434e+06
445663 5.12678e+06
459194 5.13426e+06
446503 5.12462e+06
463562 5.13515e+06
456420 5.13151e+06
445381 5.12513e+06
445757 5.12557e+06
462805 5.13584e+06
455792 5.13066e+06
451849 5.12804e+06
457793 5.13067e+06
457623 5.1306e+06
463361 5.1385e+06
457561 5.13057e+06
448887 5.12532e+06
446198 5.1243e+06
456653 5.12992e+06
448506 5.12664e+06
447362 5.12425e+06
448481 5.12446e+06
448999 5.12514e+06
448134 5.12429e+06
455985 5.13084e+06
444725 5.12464e+06
456565 5.1299e+06
463254 5.13504e+06
473322 5.14534e+06
450302 5.12929e+06
446383 5.1246e+06
450224 5.12505e+06
449653 5.12889e+06
446538 5.12486e+06
446073 5.12496e+06
453788 5.1296e+06
443724 5.12402e+06
444683 5.12462e+06
446106 5.12428e+06
456188 5.13143e+06
445167 5.12484e+06
448906 5.12513e+06
447727 5.12452e+06
473894 5.14329e+06
451444 5.12789e+06
451643 5.12785e+06
464574 5.138e+06
451511 5.12779e+06
451050 5.1263e+06
450204 5.12506e+06
450710 5.12778e+06
445081 5.1248e+06
456075 5.1314e+06
445356 5.12518e+06
445265 5.12503e+06
451331 5.12923e+06
448453 5.12587e+06
450318 5.12905e+06
445013 5.12477e+06
450819 5.12598e+06
451621 5.12819e+06
443707 5.12402e+06
467026 5.14147e+06
443742 5.12403e+06
445901 5.12423e+06
444944 5.12474e+06
468565 5.13973e+06
455231 5.12918e+06
445811 5.12485e+06
450171 5.12501e+06
458005 5.13271e+06
444678 5.12464e+06
444882 5.12471e+06
454969 5.12908e+06
444417 5.1245e+06
446277 5.12674e+06
457388 5.13111e+06
462326 5.14023e+06
449431 5.12899e+06
455767 5.13068e+06
456732 5.13065e+06
449850 5.12518e+06
451940 5.1269e+06
451247 5.12914e+06
455574 5.13058e+06
443606 5.12366e+06
448526 5.12557e+06
443466 5.12354e+06
462910 5.13497e+06
458010 5.13075e+06
443919 5.12421e+06
444039 5.12428e+06
457069 5.13012e+06
450756 5.12589e+06
449815 5.12493e+06
443723 5.12404e+06
450057 5.1253e+06
443612 5.124e+06
449455 5.12884e+06
446253 5.1246e+06
446001 5.12463e+06
450073 5.1253e+06
446247 5.12674e+06
445943 5.12492e+06
450842 5.1274e+06
456868 5.13123e+06
446038 5.12498e+06
473493 5.14858e+06
450867 5.12957e+06
456775 5.13119e+06
443857 5.12419e+06
445616 5.12416e+06
451418 5.12649e+06
456722 5.13117e+06
451323 5.12812e+06
450066 5.12502e+06
457378 5.13112e+06
449772 5.12483e+06
450083 5.12508e+06
449659 5.12881e+06
445527 5.12678e+06
443830 5.12418e+06
455239 5.1305e+06
444525 5.12432e+06
444419 5.12424e+06
445321 5.12524e+06
447700 5.12427e+06
459618 5.13184e+06
443783 5.12416e+06
443743 5.12413e+06
443670 5.12406e+06
450714 5.12582e+06
474125 5.14404e+06
444694 5.12467e+06
443655 5.12405e+06
443643 5.12404e+06
451105 5.12912e+06
456631 5.13213e+06
443623 5.12403e+06
443616 5.12403e+06
450703 5.1258e+06
445790 5.1246e+06
459399 5.1319e+06
445718 5.12448e+06
449759 5.1248e+06
446010 5.12461e+06
462709 5.13495e+06
446231 5.12675e+06
457513 5.13062e+06
450772 5.12728e+06
443846 5.1242e+06
446303 5.12674e+06
475965 5.14495e+06
471237 5.14178e+06
461342 5.13615e+06
455243 5.12914e+06
444289 5.1242e+06
450849 5.12958e+06
445912 5.12702e+06
457336 5.1338e+06
457320 5.1338e+06
447749 5.12448e+06
450153 5.12493e+06
456099 5.13137e+06
443820 5.12419e+06
472657 5.14313e+06
455930 5.13126e+06
456009 5.13143e+06
450199 5.12695e+06
443436 5.12395e+06
446021 5.12607e+06
468600 5.13969e+06
446318 5.1251e+06
444241 5.12419e+06
445968 5.12606e+06
445925 5.12602e+06
464633 5.13832e+06
450639 5.12947e+06
443413 5.12394e+06
451019 5.12646e+06
450588 5.12944e+06
455685 5.131e+06
459237 5.13146e+06
446233 5.12506e+06
445322 5.12534e+06
445093 5.12458e+06
450069 5.12493e+06
445918 5.12599e+06
451001 5.12964e+06
445228 5.12407e+06
454821 5.12983e+06
449930 5.12499e+06
450918 5.1296e+06
457657 5.13055e+06
451361 5.12916e+06
449784 5.12481e+06
449756 5.12476e+06
446049 5.12434e+06
462627 5.13496e+06
450026 5.12493e+06
445184 5.12522e+06
456666 5.1316e+06
443624 5.12406e+06
447120 5.12441e+06
457829 5.13062e+06
449865 5.12499e+06
443333 5.12392e+06
456412 5.13075e+06
447073 5.1244e+06
447028 5.12438e+06
448314 5.12591e+06
446765 5.12424e+06
445329 5.12544e+06
457916 5.13066e+06
456372 5.13035e+06
458534 5.13415e+06
454813 5.12984e+06
447056 5.1244e+06
447019 5.12438e+06
445978 5.12608e+06
449755 5.12475e+06
445330 5.12545e+06
457347 5.13115e+06
444010 5.124e+06
449665 5.12477e+06
465882 5.13911e+06
449221 5.12898e+06
445968 5.12608e+06
445758 5.12506e+06
446290 5.12676e+06
463290 5.13498e+06
450804 5.12607e+06
450901 5.12961e+06
443983 5.12399e+06
452871 5.12754e+06
463531 5.13872e+06
450265 5.12883e+06
463215 5.13495e+06
463135 5.1349e+06
467191 5.14008e+06
449875 5.12492e+06
449245 5.12883e+06
466227 5.13942e+06
452546 5.12732e+06
444549 5.12428e+06
452312 5.12716e+06
449663 5.12475e+06
452269 5.12713e+06
451990 5.12694e+06
456674 5.1307e+06
447697 5.1243e+06
446362 5.12422e+06
447770 5.1245e+06
470546 5.14158e+06
449226 5.12895e+06
449220 5.12895e+06
449098 5.12884e+06
478575 5.1484e+06
444655 5.12431e+06
450090 5.12528e+06
463548 5.13534e+06
457653 5.13101e+06
446715 5.12434e+06
445687 5.12452e+06
455256 5.12909e+06
456723 5.13124e+06
444255 5.12412e+06
449007 5.1288e+06
459639 5.13178e+06
456676 5.13122e+06
445917 5.12608e+06
455051 5.129e+06
445819 5.12457e+06
477571 5.14798e+06
445203 5.12535e+06
453480 5.13057e+06
467125 5.13886e+06
446350 5.12559e+06
455785 5.13156e+06
455709 5.13151e+06
449104 5.12882e+06
448891 5.12873e+06
457074 5.13268e+06
464314 5.14085e+06
451959 5.1268e+06
443314 5.12382e+06
451777 5.12672e+06
446465 5.12422e+06
448502 5.12843e+06
450744 5.12578e+06
451763 5.1267e+06
449174 5.12895e+06
455957 5.13124e+06
443164 5.12387e+06
464668 5.13966e+06
456785 5.13253e+06
451723 5.12667e+06
443093 5.12382e+06
443015 5.12374e+06
459489 5.13175e+06
443006 5.12373e+06
442992 5.12372e+06
473072 5.14319e+06
442972 5.1237e+06
442965 5.12369e+06
442960 5.12369e+06
442912 5.12364e+06
442906 5.12364e+06
447686 5.12438e+06
460342 5.13547e+06
454846 5.12981e+06
446048 5.12535e+06
443472 5.12391e+06
458210 5.13409e+06
443498 5.12388e+06
448472 5.12843e+06
444748 5.12433e+06
450366 5.12726e+06
463047 5.13552e+06
442887 5.12365e+06
457681 5.13246e+06
442966 5.12375e+06
445903 5.1252e+06
450721 5.12574e+06
444187 5.12448e+06
444157 5.12445e+06
444708 5.12432e+06
446114 5.12408e+06
447681 5.12433e+06
443362 5.12401e+06
443558 5.1241e+06
459392 5.13496e+06
442778 5.12358e+06
475764 5.14592e+06
449368 5.12905e+06
447685 5.12436e+06
462960 5.13491e+06
448936 5.12885e+06
449104 5.12876e+06
446372 5.12417e+06
463204 5.13485e+06
449720 5.12692e+06
451766 5.12666e+06
446309 5.12411e+06
451756 5.12665e+06
446184 5.12401e+06
443955 5.12435e+06
450096 5.12513e+06
448460 5.12836e+06
448810 5.12878e+06
444933 5.1252e+06
444895 5.12517e+06
457304 5.1312e+06
444970 5.12439e+06
449155 5.12901e+06
445660 5.12454e+06
447522 5.12431e+06
445156 5.12544e+06
444860 5.12436e+06
445170 5.12546e+06
442747 5.12358e+06
445090 5.12535e+06
451596 5.12651e+06
443200 5.12393e+06
445950 5.12704e+06
447702 5.12433e+06
449031 5.12895e+06
443128 5.12389e+06
444806 5.12435e+06
443114 5.12388e+06
451471 5.12646e+06
473962 5.14328e+06
455900 5.1315e+06
455666 5.13134e+06
456790 5.13164e+06
463310 5.13489e+06
445123 5.12544e+06
445136 5.12546e+06
468628 5.13973e+06
449609 5.12691e+06
448896 5.12888e+06
444903 5.1252e+06
445966 5.12701e+06
445058 5.12535e+06
444862 5.12518e+06
459351 5.13443e+06
449669 5.12481e+06
470369 5.14208e+06
450164 5.12725e+06
446228 5.1261e+06
450045 5.12594e+06
457096 5.13385e+06
444738 5.1248e+06
448883 5.12523e+06
456886 5.13165e+06
448393 5.12844e+06
443245 5.12384e+06
462217 5.14032e+06
449729 5.12889e+06
445942 5.12705e+06
450298 5.12503e+06
457906 5.13271e+06
448825 5.12877e+06
445855 5.1251e+06
443074 5.1237e+06
445972 5.127e+06
450377 5.12884e+06
443747 5.12428e+06
448575 5.12858e+06
448764 5.12883e+06
451293 5.12821e+06
446215 5.12611e+06
450401 5.12747e+06
444821 5.12518e+06
444786 5.12514e+06
450082 5.12725e+06
450268 5.12499e+06
448695 5.1288e+06
450133 5.12549e+06
448617 5.12873e+06
448516 5.12864e+06
445901 5.12704e+06
448415 5.12855e+06
458222 5.13467e+06
456939 5.13167e+06
448342 5.1285e+06
448371 5.12845e+06
444342 5.12469e+06
443316 5.12404e+06
444057 5.12391e+06
448318 5.12846e+06
448293 5.12847e+06
444289 5.12461e+06
448032 5.12822e+06
444250 5.12457e+06
443202 5.12385e+06
447806 5.12802e+06
448010 5.12823e+06
447782 5.12803e+06
453626 5.12973e+06
451255 5.1283e+06
447309 5.1276e+06
447288 5.12759e+06
456732 5.1298e+06
447192 5.1275e+06
447289 5.12761e+06
448364 5.12842e+06
447278 5.1276e+06
446910 5.12725e+06
447220 5.12755e+06
445920 5.12614e+06
455744 5.13096e+06
446633 5.12701e+06
446884 5.12726e+06
463404 5.1354e+06
455862 5.13152e+06
446598 5.12702e+06
444034 5.1239e+06
447293 5.1276e+06
449375 5.12688e+06
446213 5.12612e+06
446487 5.12693e+06
461886 5.13405e+06
451046 5.12966e+06
450159 5.1294e+06
446502 5.12692e+06
459668 5.1317e+06
443997 5.12388e+06
451979 5.12672e+06
444602 5.1242e+06
445288 5.124e+06
445030 5.12545e+06
461807 5.14015e+06
450124 5.12599e+06
473547 5.1486e+06
444924 5.12511e+06
463578 5.13536e+06
448585 5.12878e+06
449683 5.12849e+06
451527 5.12991e+06
455424 5.13056e+06
443912 5.12438e+06
444891 5.12509e+06
457767 5.13272e+06
456711 5.13374e+06
451330 5.129e+06
449346 5.12828e+06
443280 5.12405e+06
444518 5.12418e+06
460136 5.13298e+06
449748 5.12458e+06
445852 5.12566e+06
449238 5.12821e+06
445027 5.12547e+06
444308 5.12408e+06
445928 5.12707e+06
451429 5.12911e+06
460342 5.13552e+06
451340 5.12982e+06
449069 5.1281e+06
444864 5.12509e+06
451385 5.12905e+06
451060 5.1265e+06
450251 5.12492e+06
448521 5.12876e+06
446476 5.12524e+06
455288 5.12899e+06
445180 5.12549e+06
448957 5.12803e+06
451242 5.12977e+06
443127 5.12396e+06
456907 5.13163e+06
455134 5.12892e+06
448837 5.12795e+06
445896 5.12616e+06
459466 5.13147e+06
444789 5.12505e+06
449157 5.129e+06
444373 5.12414e+06
446081 5.1254e+06
464451 5.1374e+06
451102 5.12969e+06
449746 5.12456e+06
457030 5.13224e+06
457711 5.13262e+06
459239 5.13138e+06
465973 5.13854e+06
464448 5.13739e+06
444693 5.125e+06
444617 5.12512e+06
449653 5.12458e+06
444648 5.12496e+06
449745 5.12881e+06
451273 5.12614e+06
456590 5.13151e+06
454684 5.12994e+06
456524 5.13148e+06
465750 5.14215e+06
468656 5.13973e+06
445120 5.12417e+06
445149 5.12549e+06
446090 5.12542e+06
450543 5.12858e+06
449846 5.12474e+06
450742 5.12564e+06
444622 5.12496e+06
447956 5.126e+06
450676 5.12562e+06
468627 5.13969e+06
463485 5.13819e+06
449653 5.12456e+06
444638 5.12498e+06
451422 5.12925e+06
444499 5.12488e+06
444427 5.12481e+06
444403 5.12478e+06
444394 5.12476e+06
450516 5.12957e+06
463327 5.13543e+06
444793 5.12521e+06
444082 5.12385e+06
455842 5.13157e+06
444552 5.12511e+06
443713 5.12432e+06
446445 5.12436e+06
474517 5.14388e+06
448568 5.12839e+06
449356 5.12823e+06
457626 5.13272e+06
457024 5.13276e+06
444059 5.12385e+06
444082 5.12384e+06
450391 5.12952e+06
443524 5.12422e+06
446085 5.12685e+06
446596 5.12601e+06
443442 5.12415e+06
456578 5.12984e+06
444061 5.12384e+06
456755 5.13262e+06
444327 5.12406e+06
443332 5.12406e+06
443179 5.12404e+06
450327 5.12865e+06
450921 5.12597e+06
445912 5.12709e+06
443544 5.12391e+06
474772 5.14412e+06
448329 5.12872e+06
445252 5.12566e+06
451343 5.12893e+06
444064 5.12382e+06
445241 5.12563e+06
449120 5.12851e+06
443875 5.12441e+06
444542 5.12414e+06
450330 5.12864e+06
451293 5.12892e+06
449600 5.12697e+06
449000 5.12844e+06
444628 5.125e+06
457567 5.13261e+06
451191 5.12887e+06
449748 5.12451e+06
443299 5.12406e+06
451198 5.12617e+06
451122 5.12884e+06
458132 5.13181e+06
446231 5.12393e+06
455889 5.13153e+06
450859 5.12586e+06
448497 5.1288e+06
473971 5.14311e+06
463351 5.13481e+06
463246 5.13475e+06
444448 5.1251e+06
463213 5.13474e+06
460157 5.13299e+06
449773 5.12889e+06
444068 5.1238e+06
449652 5.12442e+06
445223 5.12566e+06
450182 5.1271e+06
444419 5.12411e+06
455065 5.1331e+06
442372 5.12352e+06
442361 5.1235e+06
457474 5.13272e+06
445210 5.12564e+06
468437 5.13981e+06
449272 5.12818e+06
461850 5.13385e+06
456486 5.13151e+06
442309 5.12338e+06
465965 5.13841e+06
463695 5.13504e+06
451999 5.12663e+06
446035 5.12692e+06
444096 5.12453e+06
450921 5.12876e+06
451716 5.12646e+06
457408 5.13262e+06
449834 5.12934e+06
449645 5.12462e+06
450077 5.12946e+06
463595 5.13502e+06
442387 5.12355e+06
463198 5.13817e+06
457249 5.13168e+06
444055 5.12381e+06
449303 5.12851e+06
473512 5.14858e+06
457058 5.13171e+06
444008 5.12386e+06
444105 5.12385e+06
443687 5.12435e+06
444028 5.1238e+06
461922 5.13634e+06
463122 5.1355e+06
444355 5.12508e+06
456116 5.1309e+06
477212 5.14502e+06
443584 5.12429e+06
457313 5.13269e+06
446436 5.12529e+06
456943 5.13158e+06
451276 5.12968e+06
444350 5.12508e+06
446375 5.12698e+06
442997 5.124e+06
456659 5.13144e+06
444740 5.12537e+06
446444 5.12549e+06
456993 5.1328e+06
446648 5.12446e+06
443988 5.1245e+06
461763 5.1337e+06
456098 5.13091e+06
461631 5.13363e+06
443940 5.12446e+06
442213 5.12335e+06
444358 5.12506e+06
442178 5.12329e+06
461322 5.13347e+06
461244 5.13343e+06
445767 5.12386e+06
442121 5.12318e+06
444341 5.12505e+06
444349 5.12503e+06
446377 5.12539e+06
444323 5.12508e+06
444313 5.12507e+06
443989 5.12381e+06
448055 5.12865e+06
446337 5.12534e+06
443838 5.12444e+06
446326 5.12533e+06
446403 5.12541e+06
446232 5.12525e+06
446475 5.12436e+06
443921 5.12447e+06
450879 5.12586e+06
443912 5.12447e+06
444769 5.12546e+06
445261 5.12568e+06
444040 5.12383e+06
449501 5.12925e+06
448890 5.12849e+06
446787 5.12733e+06
444340 5.12498e+06
476715 5.14449e+06
444770 5.12548e+06
445602 5.12383e+06
448847 5.12848e+06
442416 5.1236e+06
443893 5.12378e+06
457195 5.12997e+06
464374 5.14175e+06
452092 5.12689e+06
444744 5.12531e+06
453208 5.12947e+06
456241 5.13156e+06
450430 5.12865e+06
459161 5.13146e+06
444269 5.12481e+06
449795 5.12882e+06
449316 5.12845e+06
451397 5.12973e+06
444666 5.12411e+06
461345 5.14012e+06
445233 5.12569e+06
449178 5.12836e+06
444727 5.12546e+06
449096 5.1283e+06
450865 5.12615e+06
445441 5.1238e+06
448720 5.12843e+06
448950 5.12821e+06
446290 5.12699e+06
473330 5.14299e+06
442917 5.12396e+06
448836 5.12814e+06
464108 5.14163e+06
444292 5.12509e+06
448762 5.1281e+06
448599 5.12837e+06
450829 5.12575e+06
446196 5.12501e+06
447911 5.12862e+06
449805 5.12708e+06
455905 5.1294e+06
460783 5.13334e+06
444722 5.12548e+06
451475 5.12919e+06
468706 5.13973e+06
451448 5.12929e+06
454613 5.133e+06
451469 5.12918e+06
472501 5.14158e+06
445082 5.12568e+06
448481 5.1283e+06
442035 5.12318e+06
446335 5.12701e+06
442718 5.12379e+06
450813 5.12573e+06
450716 5.12553e+06
451498 5.12999e+06
451451 5.12903e+06
443405 5.12426e+06
456862 5.13067e+06
444683 5.12546e+06
459422 5.13166e+06
444812 5.12416e+06
456801 5.1298e+06
443333 5.1242e+06
456766 5.13394e+06
449717 5.12703e+06
452386 5.12706e+06
478862 5.14866e+06
453482 5.12984e+06
445433 5.12615e+06
446410 5.12717e+06
444686 5.12548e+06
444561 5.12524e+06
446402 5.12715e+06
457533 5.13196e+06
464372 5.13701e+06
452020 5.12656e+06
444719 5.12413e+06
442002 5.12318e+06
455537 5.13e+06
447815 5.1286e+06
463631 5.13499e+06
458766 5.13097e+06
454493 5.13004e+06
457510 5.1317e+06
454291 5.12989e+06
445162 5.12376e+06
447449 5.12401e+06
465990 5.13831e+06
457484 5.1312e+06
449460 5.12928e+06
445933 5.1262e+06
449277 5.12908e+06
463957 5.1408e+06
474015 5.14304e+06
445097 5.12374e+06
446539 5.12525e+06
446384 5.12717e+06
446377 5.12715e+06
458113 5.1307e+06
450385 5.125e+06
463658 5.13532e+06
463635 5.1353e+06
442159 5.1235e+06
463579 5.13526e+06
444970 5.12567e+06
442909 5.12404e+06
472509 5.14154e+06
473703 5.14273e+06
447562 5.12606e+06
442128 5.12341e+06
443247 5.12412e+06
444691 5.12408e+06
452200 5.12684e+06
452024 5.12653e+06
442175 5.12352e+06
451171 5.12639e+06
451775 5.12792e+06
450895 5.12588e+06
450666 5.12979e+06
451838 5.1264e+06
451826 5.12639e+06
445389 5.12616e+06
445374 5.12614e+06
451724 5.1263e+06
450518 5.12972e+06
442182 5.12354e+06
445860 5.12716e+06
472418 5.14153e+06
450335 5.12492e+06
459750 5.13158e+06
444591 5.12547e+06
441939 5.12318e+06
444527 5.12538e+06
444508 5.12536e+06
444431 5.12526e+06
464352 5.1369e+06
450007 5.12952e+06
444483 5.12402e+06
457551 5.13194e+06
457455 5.13186e+06
457377 5.13181e+06
459162 5.13513e+06
457273 5.13174e+06
444727 5.12366e+06
465553 5.14225e+06
455898 5.12929e+06
463529 5.13528e+06
444838 5.12411e+06
450401 5.12853e+06
450390 5.12968e+06
444983 5.12561e+06
451464 5.12606e+06
444583 5.12549e+06
446752 5.12514e+06
446427 5.12532e+06
444164 5.1266e+06
444413 5.124e+06
457113 5.13163e+06
451454 5.12606e+06
444254 5.12392e+06
451332 5.12603e+06
450402 5.12851e+06
451097 5.12588e+06
444960 5.12571e+06
450388 5.1285e+06
444188 5.12389e+06
449734 5.12942e+06
442084 5.1235e+06
450375 5.1285e+06
457678 5.13255e+06
446746 5.12515e+06
457268 5.13277e+06
461065 5.14012e+06
445256 5.12613e+06
460539 5.13955e+06
460374 5.13942e+06
444919 5.1256e+06
473442 5.14272e+06
444110 5.12511e+06
476457 5.14456e+06
451594 5.12638e+06
460362 5.13938e+06
455732 5.1293e+06
455696 5.12928e+06
457978 5.13279e+06
456799 5.13074e+06
455677 5.12928e+06
457151 5.13275e+06
460349 5.13942e+06
449841 5.12868e+06
451371 5.1261e+06
455894 5.12922e+06
450422 5.12852e+06
448247 5.12888e+06
460339 5.13938e+06
455679 5.12914e+06
455640 5.12912e+06
455631 5.12912e+06
442053 5.12352e+06
460247 5.13932e+06
442083 5.12354e+06
455949 5.12941e+06
456969 5.12989e+06
442419 5.12323e+06
467559 5.1424e+06
451431 5.12893e+06
444286 5.12357e+06
450426 5.12851e+06
445286 5.12617e+06
446698 5.1274e+06
455705 5.12926e+06
443723 5.12452e+06
460246 5.1393e+06
442029 5.12352e+06
476049 5.14445e+06
464147 5.13707e+06
461041 5.13739e+06
446501 5.12395e+06
450225 5.12965e+06
457256 5.1299e+06
445630 5.12713e+06
460133 5.13926e+06
450433 5.12851e+06
460110 5.13925e+06
443822 5.12456e+06
443910 5.12459e+06
459979 5.13915e+06
459888 5.13907e+06
450106 5.12958e+06
449453 5.12933e+06
444840 5.12562e+06
457584 5.13195e+06
446245 5.12708e+06
455423 5.12933e+06
455660 5.12933e+06
443961 5.12362e+06
455642 5.12932e+06
457833 5.13281e+06
447202 5.12607e+06
450458 5.12977e+06
445593 5.12712e+06
464318 5.1367e+06
447436 5.12566e+06
456593 5.12962e+06
444019 5.12464e+06
447317 5.1285e+06
456568 5.12962e+06
443023 5.12412e+06
442440 5.1232e+06
463129 5.13564e+06
460080 5.13911e+06
450908 5.12984e+06
457039 5.13129e+06
463857 5.1417e+06
451254 5.12583e+06
444744 5.124e+06
464306 5.13666e+06
450428 5.12977e+06
447116 5.12572e+06
446410 5.12729e+06
442979 5.12411e+06
446388 5.12728e+06
442274 5.12329e+06
442182 5.12359e+06
459757 5.13905e+06
456199 5.12952e+06
445537 5.12712e+06
443692 5.12454e+06
457153 5.13162e+06
449495 5.12932e+06
444638 5.12397e+06
447613 5.12837e+06
454997 5.13323e+06
449192 5.12916e+06
462059 5.14052e+06
444533 5.12395e+06
446585 5.12528e+06
450947 5.12559e+06
443592 5.12448e+06
444885 5.12404e+06
441739 5.12317e+06
446166 5.1255e+06
460278 5.13931e+06
450323 5.12855e+06
444213 5.12369e+06
450347 5.12746e+06
444944 5.12576e+06
463903 5.13622e+06
463885 5.13621e+06
460362 5.13945e+06
463789 5.13615e+06
446596 5.12527e+06
450408 5.12839e+06
443955 5.12512e+06
445419 5.1262e+06
463805 5.13497e+06
450432 5.12979e+06
442015 5.12321e+06
464444 5.13699e+06
450362 5.12837e+06
444431 5.12552e+06
445295 5.12576e+06
442530 5.12385e+06
441919 5.12312e+06
445202 5.1262e+06
450902 5.12622e+06
444443 5.12554e+06
445246 5.12394e+06
443008 5.12414e+06
456725 5.1308e+06
463439 5.13465e+06
442501 5.12376e+06
459896 5.13895e+06
444911 5.12576e+06
445556 5.12714e+06
463404 5.13461e+06
463388 5.1346e+06
445265 5.12576e+06
463292 5.13455e+06
474754 5.14346e+06
463178 5.1345e+06
447135 5.12846e+06
447109 5.12843e+06
454268 5.13016e+06
457272 5.13282e+06
447477 5.12834e+06
459938 5.13919e+06
446106 5.12716e+06
459898 5.13894e+06
447213 5.12779e+06
445666 5.12703e+06
474295 5.14354e+06
445091 5.1239e+06
459814 5.13196e+06
447198 5.12779e+06
450206 5.12854e+06
444424 5.12554e+06
447034 5.12828e+06
446721 5.12603e+06
463813 5.13497e+06
453393 5.13272e+06
443999 5.12467e+06
444172 5.12658e+06
450961 5.12558e+06
444400 5.12553e+06
443139 5.12428e+06
443081 5.12422e+06
444705 5.12564e+06
447053 5.12828e+06
450333 5.12473e+06
464290 5.13654e+06
463310 5.14077e+06
450888 5.12547e+06
442025 5.12356e+06
444408 5.12554e+06
459892 5.13889e+06
447078 5.12845e+06
444230 5.12367e+06
459876 5.13918e+06
474764 5.14345e+06
449639 5.12949e+06
454081 5.13012e+06
452061 5.12636e+06
444289 5.12534e+06
472914 5.14273e+06
456698 5.13082e+06
449169 5.12919e+06
459804 5.13915e+06
450833 5.12988e+06
455592 5.12939e+06
459838 5.13888e+06
474697 5.14337e+06
444161 5.12364e+06
445236 5.127e+06
460060 5.1393e+06
474668 5.14333e+06
441999 5.12356e+06
472525 5.14125e+06
464861 5.13896e+06
449442 5.12798e+06
459945 5.13923e+06
451936 5.12635e+06
456984 5.13134e+06
444239 5.12365e+06
450102 5.12473e+06
449013 5.12926e+06
443769 5.12461e+06
466115 5.13899e+06
460434 5.13933e+06
441999 5.12351e+06
459792 5.13897e+06
450928 5.12574e+06
450520 5.12937e+06
453341 5.13273e+06
472813 5.14272e+06
444564 5.1239e+06
444060 5.12654e+06
445683 5.12696e+06
453305 5.13271e+06
444672 5.12393e+06
445134 5.12622e+06
445006 5.12604e+06
457919 5.13376e+06
450523 5.12936e+06
449531 5.12819e+06
451016 5.12603e+06
444341 5.12379e+06
455557 5.12922e+06
446961 5.12843e+06
455373 5.13024e+06
449201 5.1292e+06
462089 5.13419e+06
445331 5.12623e+06
443837 5.12513e+06
450119 5.12857e+06
444311 5.12553e+06
444651 5.12377e+06
445216 5.12622e+06
446892 5.12511e+06
445013 5.12388e+06
451003 5.12601e+06
449092 5.12785e+06
444200 5.12543e+06
445307 5.12578e+06
448078 5.12895e+06
457713 5.13283e+06
444309 5.12555e+06
459871 5.13923e+06
445277 5.12578e+06
441947 5.12356e+06
450526 5.12938e+06
457195 5.13195e+06
451666 5.12998e+06
461189 5.13916e+06
459591 5.13882e+06
447154 5.12574e+06
450065 5.12856e+06
443619 5.12459e+06
457311 5.12982e+06
451907 5.12626e+06
444854 5.12384e+06
443806 5.12514e+06
457051 5.13261e+06
457081 5.1313e+06
445252 5.12578e+06
460802 5.13836e+06
450442 5.1283e+06
445092 5.12697e+06
459829 5.13191e+06
457313 5.13011e+06
444253 5.12369e+06
459934 5.13894e+06
463110 5.13456e+06
445709 5.12696e+06
443537 5.12454e+06
444642 5.12379e+06
444933 5.12399e+06
457073 5.12976e+06
445467 5.12619e+06
459557 5.13882e+06
454108 5.13208e+06
450985 5.12614e+06
449889 5.12436e+06
449006 5.12928e+06
449470 5.12422e+06
474944 5.14397e+06
444580 5.12566e+06
460772 5.13896e+06
450337 5.12464e+06
463691 5.13519e+06
453050 5.13265e+06
450919 5.12626e+06
442519 5.1231e+06
463430 5.13456e+06
444778 5.12395e+06
449265 5.12419e+06
449250 5.12419e+06
467413 5.13872e+06
459532 5.13892e+06
443060 5.12432e+06
444121 5.12519e+06
463615 5.13517e+06
467347 5.13866e+06
444220 5.12539e+06
450130 5.1245e+06
467285 5.13863e+06
460339 5.13927e+06
442839 5.12575e+06
446026 5.12721e+06
453004 5.13265e+06
461471 5.13337e+06
444177 5.12551e+06
456122 5.12962e+06
468833 5.13972e+06
459600 5.13875e+06
445151 5.12624e+06
444382 5.12373e+06
446836 5.12517e+06
449102 5.12406e+06
450103 5.12446e+06
443740 5.12514e+06
449165 5.1242e+06
447939 5.12883e+06
444175 5.12553e+06
445083 5.12563e+06
451006 5.12586e+06
444312 5.12371e+06
450902 5.12568e+06
463782 5.1363e+06
459482 5.13883e+06
442597 5.12498e+06
446829 5.12518e+06
450100 5.12444e+06
450059 5.12443e+06
445244 5.12625e+06
472370 5.14089e+06
443671 5.12511e+06
442264 5.12298e+06
443640 5.12508e+06
459683 5.13913e+06
443591 5.12501e+06
443576 5.12498e+06
443432 5.1248e+06
449083 5.12402e+06
450079 5.12975e+06
460614 5.13893e+06
452884 5.13262e+06
445284 5.12581e+06
452996 5.13267e+06
443582 5.12461e+06
444120 5.1255e+06
444124 5.12538e+06
443372 5.12476e+06
451779 5.12604e+06
445475 5.12721e+06
443357 5.12475e+06
449946 5.12865e+06
463016 5.1399e+06
443344 5.12475e+06
455726 5.12905e+06
455447 5.12891e+06
444122 5.12552e+06
441947 5.12321e+06
464807 5.13733e+06
457130 5.13205e+06
450224 5.12983e+06
455528 5.12928e+06
448821 5.12926e+06
455238 5.12883e+06
443693 5.12514e+06
442598 5.12485e+06
464806 5.13732e+06
460511 5.13891e+06
477363 5.14504e+06
450106 5.12443e+06
443538 5.125e+06
459609 5.13868e+06
445764 5.1273e+06
456887 5.13077e+06
451592 5.12602e+06
447916 5.12434e+06
463496 5.13498e+06
455213 5.12867e+06
463071 5.13461e+06
444019 5.1252e+06
446250 5.12738e+06
449804 5.12968e+06
449781 5.12966e+06
457027 5.13136e+06
450851 5.12554e+06
449568 5.12728e+06
449037 5.12392e+06
464218 5.13617e+06
442545 5.1232e+06
444023 5.12536e+06
444929 5.12698e+06
445461 5.12626e+06
449539 5.12723e+06
444441 5.12567e+06
459967 5.13886e+06
445089 5.12565e+06
447124 5.12804e+06
443202 5.1247e+06
457242 5.13292e+06
443701 5.12508e+06
452638 5.13256e+06
447109 5.12804e+06
456963 5.13002e+06
460627 5.13841e+06
459362 5.13894e+06
459879 5.13143e+06
442536 5.12315e+06
448692 5.12924e+06
469110 5.14491e+06
443698 5.12468e+06
456868 5.13e+06
442532 5.12314e+06
449176 5.12706e+06
443465 5.125e+06
443635 5.12515e+06
459322 5.13886e+06
443980 5.1252e+06
442558 5.12451e+06
443996 5.1255e+06
457304 5.13033e+06
442521 5.12448e+06
443165 5.1247e+06
460382 5.13891e+06
442558 5.12448e+06
443115 5.12465e+06
444027 5.12531e+06
443040 5.12457e+06
443993 5.12551e+06
443000 5.12454e+06
442562 5.12446e+06
446548 5.12837e+06
444311 5.1256e+06
442558 5.12443e+06
443308 5.12478e+06
445205 5.12712e+06
471806 5.14472e+06
443134 5.12469e+06
442945 5.12439e+06
443998 5.12544e+06
459424 5.13878e+06
452512 5.13254e+06
442938 5.12436e+06
463732 5.1352e+06
444022 5.12524e+06
447163 5.12788e+06
442486 5.12344e+06
442095 5.12298e+06
468875 5.13972e+06
457664 5.13201e+06
463899 5.13486e+06
463672 5.13473e+06
453495 5.13264e+06
463027 5.13464e+06
462987 5.13463e+06
443177 5.12472e+06
444817 5.12696e+06
464032 5.13618e+06
451020 5.12983e+06
443972 5.12522e+06
460274 5.1389e+06
468552 5.13977e+06
465398 5.14245e+06
456597 5.13095e+06
442525 5.12446e+06
442066 5.12298e+06
448548 5.12922e+06
442003 5.12291e+06
449695 5.12969e+06
441983 5.12289e+06
441873 5.12278e+06
447131 5.12797e+06
449428 5.12948e+06
447148 5.12798e+06
441825 5.12274e+06
456277 5.13098e+06
450391 5.12463e+06
442960 5.12455e+06
443619 5.12518e+06
442933 5.12448e+06
446432 5.1274e+06
442665 5.12418e+06
444021 5.12523e+06
453076 5.13242e+06
441362 5.12316e+06
462068 5.13376e+06
445371 5.12628e+06
461925 5.14066e+06
445425 5.12726e+06
444320 5.12567e+06
453067 5.13243e+06
443740 5.12502e+06
441355 5.12316e+06
441802 5.12263e+06
464250 5.13616e+06
443066 5.12597e+06
442440 5.12448e+06
449208 5.12721e+06
449487 5.12768e+06
464191 5.136e+06
443911 5.12543e+06
443333 5.12499e+06
463808 5.13526e+06
459879 5.13178e+06
443183 5.12473e+06
443223 5.1248e+06
456929 5.13007e+06
441302 5.12312e+06
442897 5.12441e+06
441298 5.1231e+06
452841 5.1323e+06
449969 5.12895e+06
442589 5.12315e+06
442887 5.12576e+06
442446 5.12446e+06
450704 5.12526e+06
452834 5.13232e+06
441294 5.12312e+06
452248 5.13247e+06
441304 5.12308e+06
441724 5.12259e+06
441719 5.1227e+06
457133 5.12964e+06
441304 5.12306e+06
443898 5.12531e+06
457384 5.12974e+06
460110 5.13888e+06
457387 5.13004e+06
443866 5.12524e+06
442641 5.12402e+06
441304 5.12304e+06
452638 5.1322e+06
443194 5.1248e+06
447837 5.12902e+06
443154 5.12473e+06
447821 5.12901e+06
443306 5.12499e+06
447164 5.12793e+06
447148 5.12793e+06
449506 5.12407e+06
443911 5.12479e+06
445413 5.12727e+06
441312 5.12306e+06
441307 5.12302e+06
441672 5.12257e+06
452630 5.13221e+06
456823 5.13083e+06
442630 5.12498e+06
442883 5.12439e+06
443635 5.125e+06
452441 5.1321e+06
474754 5.14313e+06
444095 5.1247e+06
441271 5.1231e+06
442446 5.12434e+06
460239 5.13837e+06
452432 5.13211e+06
441636 5.12267e+06
452396 5.13208e+06
450255 5.12445e+06
443812 5.12549e+06
459817 5.13942e+06
444812 5.12699e+06
450053 5.1287e+06
441273 5.12308e+06
449621 5.12723e+06
441870 5.1228e+06
447781 5.12902e+06
456880 5.12962e+06
456296 5.13099e+06
452312 5.13204e+06
442379 5.12448e+06
441327 5.12301e+06
464865 5.13731e+06
441323 5.12297e+06
445331 5.12724e+06
441871 5.1229e+06
442604 5.12448e+06
441324 5.12308e+06
441286 5.12316e+06
449025 5.12377e+06
443857 5.12464e+06
441324 5.12307e+06
442383 5.12446e+06
447317 5.12862e+06
445408 5.12578e+06
443002 5.12467e+06
442326 5.12388e+06
442290 5.12383e+06
452194 5.13198e+06
452054 5.13242e+06
450344 5.13003e+06
452050 5.13241e+06
443809 5.12551e+06
441334 5.12298e+06
441261 5.12308e+06
450124 5.12991e+06
446403 5.12742e+06
460247 5.13835e+06
460026 5.13877e+06
445398 5.12632e+06
452029 5.13237e+06
444112 5.1256e+06
459852 5.13934e+06
463762 5.13551e+06
443466 5.12469e+06
448303 5.12919e+06
451055 5.12975e+06
443460 5.12469e+06
454061 5.12976e+06
451964 5.12607e+06
442845 5.12442e+06
470929 5.14113e+06
442609 5.12413e+06
441535 5.12252e+06
443752 5.12526e+06
441341 5.12294e+06
444209 5.12568e+06
458894 5.13878e+06
458887 5.13878e+06
460333 5.13823e+06
443431 5.12467e+06
452118 5.12609e+06
444563 5.12575e+06
458793 5.1387e+06
451984 5.13227e+06
445288 5.12631e+06
443843 5.1248e+06
443774 5.12473e+06
458421 5.13839e+06
447833 5.12904e+06
449909 5.12981e+06
441342 5.12304e+06
445415 5.12729e+06
446607 5.12822e+06
457645 5.13776e+06
457643 5.13776e+06
442153 5.12287e+06
463644 5.13642e+06
452007 5.13242e+06
451945 5.13218e+06
457362 5.13753e+06
451942 5.13217e+06
463336 5.13626e+06
457170 5.13738e+06
455801 5.129e+06
455718 5.12896e+06
453117 5.12695e+06
453080 5.12693e+06
443477 5.1247e+06
456714 5.137e+06
441497 5.12263e+06
442458 5.12416e+06
456431 5.13677e+06
463719 5.1347e+06
447768 5.12904e+06
443788 5.12496e+06
452212 5.12657e+06
460827 5.14035e+06
449036 5.12375e+06
456222 5.1366e+06
441870 5.12297e+06
455607 5.12885e+06
445318 5.12726e+06
451893 5.13206e+06
460388 5.14001e+06
455947 5.13638e+06
455917 5.13636e+06
463065 5.13466e+06
460074 5.13974e+06
442662 5.12431e+06
452213 5.13196e+06
455733 5.1362e+06
441345 5.12309e+06
442162 5.12285e+06
459719 5.13946e+06
459671 5.13942e+06
441467 5.12262e+06
445186 5.12721e+06
459598 5.13936e+06
448174 5.12916e+06
455455 5.13598e+06
451063 5.12984e+06
459517 5.1393e+06
442612 5.12401e+06
459334 5.13914e+06
455315 5.13587e+06
455264 5.13583e+06
459181 5.13902e+06
459062 5.13892e+06
444054 5.1256e+06
452102 5.13191e+06
446969 5.12792e+06
451970 5.13179e+06
454993 5.1356e+06
452633 5.13273e+06
447791 5.12906e+06
444268 5.12315e+06
443288 5.12462e+06
451843 5.13195e+06
447774 5.12904e+06
474858 5.14353e+06
454810 5.13546e+06
441366 5.12297e+06
459837 5.13936e+06
443130 5.12438e+06
442304 5.12446e+06
454668 5.13534e+06
451922 5.13171e+06
454515 5.13522e+06
448111 5.12914e+06
441436 5.12261e+06
460053 5.13837e+06
451625 5.12583e+06
454412 5.13513e+06
460223 5.1382e+06
454315 5.13505e+06
451432 5.12576e+06
450583 5.12501e+06
454246 5.13499e+06
441716 5.12246e+06
441721 5.12278e+06
441438 5.1226e+06
443688 5.12549e+06
443831 5.12467e+06
454041 5.13483e+06
443151 5.12452e+06
441562 5.12245e+06
441478 5.12259e+06
443803 5.12494e+06
444238 5.12315e+06
462509 5.13648e+06
458802 5.13879e+06
444870 5.12665e+06
453924 5.13473e+06
441440 5.1226e+06
451015 5.12525e+06
443078 5.12482e+06
449918 5.12982e+06
446626 5.12761e+06
450919 5.12522e+06
457388 5.13288e+06
444674 5.12634e+06
451412 5.12573e+06
443568 5.12525e+06
453751 5.13459e+06
442667 5.12468e+06
455528 5.12872e+06
453587 5.13446e+06
442175 5.12282e+06
453317 5.13424e+06
444290 5.12312e+06
456526 5.13104e+06
462967 5.13468e+06
443686 5.12551e+06
451749 5.13174e+06
442300 5.12433e+06
441722 5.12289e+06
446595 5.1276e+06
441413 5.12261e+06
446469 5.12744e+06
464094 5.13608e+06
451655 5.13162e+06
451540 5.13151e+06
451339 5.13134e+06
451215 5.13123e+06
450751 5.1308e+06
452841 5.13385e+06
445410 5.12378e+06
452782 5.1338e+06
447982 5.1291e+06
452711 5.13375e+06
452693 5.13373e+06
443884 5.12466e+06
450558 5.12495e+06
441529 5.12245e+06
450843 5.12523e+06
460038 5.13898e+06
450440 5.13044e+06
450426 5.13042e+06
452651 5.13367e+06
468638 5.14e+06
450404 5.13039e+06
442784 5.12445e+06
457176 5.12959e+06
458749 5.13879e+06
450195 5.13015e+06
446128 5.12833e+06
457076 5.12955e+06
457034 5.12954e+06
455686 5.13622e+06
441720 5.12284e+06
441386 5.12274e+06
444595 5.1261e+06
443602 5.12477e+06
442135 5.12396e+06
461896 5.1335e+06
443691 5.1248e+06
459668 5.13831e+06
442664 5.12455e+06
455489 5.12864e+06
462976 5.13467e+06
441496 5.12245e+06
450006 5.12898e+06
441618 5.12272e+06
444579 5.12603e+06
443658 5.1249e+06
444060 5.12568e+06
463573 5.13491e+06
441429 5.12263e+06
445418 5.12376e+06
444569 5.126e+06
460603 5.13851e+06
463937 5.13639e+06
450775 5.12525e+06
446572 5.12762e+06
441376 5.12259e+06
444548 5.12594e+06
442076 5.12393e+06
446068 5.12832e+06
444069 5.12316e+06
452652 5.13374e+06
466622 5.1424e+06
444547 5.12579e+06
441373 5.12262e+06
441378 5.12322e+06
445048 5.1272e+06
452426 5.13322e+06
442883 5.1247e+06
460678 5.13912e+06
441743 5.12239e+06
441412 5.12286e+06
441604 5.12277e+06
444415 5.12691e+06
456120 5.13164e+06
441890 5.12247e+06
450186 5.12428e+06
453107 5.12688e+06
458735 5.13881e+06
463620 5.13558e+06
442210 5.12448e+06
444277 5.12303e+06
444260 5.12304e+06
459113 5.13905e+06
442200 5.12278e+06
441409 5.12269e+06
463562 5.13447e+06
442083 5.12388e+06
441419 5.12274e+06
442210 5.12446e+06
454347 5.13516e+06
445461 5.12577e+06
442202 5.12277e+06
452961 5.12676e+06
441595 5.12236e+06
445427 5.12374e+06
443934 5.12561e+06
457421 5.13214e+06
462134 5.13378e+06
451005 5.12989e+06
443570 5.12549e+06
441721 5.12297e+06
444259 5.12302e+06
444313 5.12309e+06
461786 5.14076e+06
462911 5.13472e+06
446626 5.12764e+06
441111 5.12311e+06
449112 5.12954e+06
475075 5.14376e+06
451066 5.12596e+06
441112 5.12309e+06
443573 5.12548e+06
442205 5.12274e+06
442192 5.12273e+06
441423 5.12264e+06
442059 5.12261e+06
442008 5.12256e+06
449029 5.12363e+06
452781 5.12659e+06
472881 5.14294e+06
449010 5.12361e+06
452272 5.13289e+06
448975 5.12359e+06
462149 5.1337e+06
474943 5.14361e+06
443366 5.12504e+06
443562 5.1255e+06
441113 5.12301e+06
441433 5.12281e+06
446611 5.12764e+06
445063 5.12713e+06
444284 5.123e+06
444214 5.12293e+06
452099 5.13232e+06
448756 5.12347e+06
442208 5.12449e+06
452234 5.13281e+06
444093 5.12285e+06
444016 5.1228e+06
443515 5.12529e+06
443996 5.1228e+06
443444 5.12518e+06
443894 5.12274e+06
448940 5.12362e+06
443549 5.12548e+06
443811 5.12271e+06
441329 5.1226e+06
460525 5.13909e+06
450696 5.13084e+06
464144 5.13562e+06
447503 5.12902e+06
441440 5.12269e+06
441400 5.12246e+06
446699 5.1279e+06
452258 5.1329e+06
464100 5.14211e+06
442074 5.12397e+06
457461 5.12997e+06
446585 5.12764e+06
456723 5.12925e+06
448360 5.12325e+06
466299 5.14232e+06
452232 5.13288e+06
446949 5.1286e+06
452392 5.13197e+06
441806 5.12247e+06
445211 5.12634e+06
448348 5.12324e+06
443719 5.12269e+06
448172 5.12318e+06
443689 5.12267e+06
443372 5.12474e+06
473966 5.14248e+06
441579 5.12282e+06
452106 5.13231e+06
443492 5.1253e+06
443419 5.12518e+06
443347 5.12506e+06
441559 5.12287e+06
451973 5.13163e+06
456372 5.13089e+06
452152 5.13263e+06
463137 5.1347e+06
441128 5.12301e+06
442177 5.12434e+06
441323 5.12268e+06
448404 5.1263e+06
453171 5.12692e+06
443758 5.12273e+06
441470 5.1227e+06
442208 5.1227e+06
443683 5.12265e+06
442949 5.12484e+06
442943 5.12483e+06
448058 5.12318e+06
443603 5.12261e+06
441101 5.12316e+06
443547 5.12258e+06
441285 5.12322e+06
441323 5.12264e+06
443464 5.12255e+06
451989 5.13274e+06
446683 5.12782e+06
455196 5.13592e+06
452107 5.13254e+06
443388 5.12252e+06
458838 5.13895e+06
442207 5.1245e+06
463545 5.13562e+06
443335 5.1225e+06
442203 5.12267e+06
450574 5.12485e+06
443301 5.12248e+06
448933 5.1295e+06
443267 5.12247e+06
441456 5.12275e+06
443178 5.12243e+06
448576 5.12362e+06
448574 5.12363e+06
447919 5.12318e+06
451870 5.13268e+06
455332 5.13604e+06
455264 5.13598e+06
447886 5.12318e+06
443611 5.12269e+06
443106 5.12241e+06
441940 5.12272e+06
460418 5.13908e+06
452167 5.13288e+06
456518 5.13724e+06
451431 5.12562e+06
448494 5.12361e+06
447247 5.12628e+06
451736 5.1326e+06
441778 5.12229e+06
452301 5.12613e+06
463468 5.14198e+06
441206 5.12271e+06
442755 5.12463e+06
441370 5.12222e+06
444014 5.12278e+06
443005 5.12239e+06
443914 5.12273e+06
445377 5.12589e+06
441630 5.12228e+06
441352 5.12221e+06
441326 5.12218e+06
442173 5.12416e+06
443819 5.1227e+06
460078 5.139e+06
452546 5.12662e+06
457470 5.12963e+06
444959 5.12712e+06
444037 5.12279e+06
441371 5.12219e+06
442919 5.12236e+06
457393 5.12961e+06
442199 5.1226e+06
446280 5.12757e+06
460298 5.13906e+06
444405 5.12596e+06
450106 5.1241e+06
444284 5.12296e+06
460188 5.13904e+06
441314 5.12218e+06
441264 5.12213e+06
441827 5.1224e+06
448270 5.12361e+06
459412 5.13905e+06
443720 5.12268e+06
448271 5.12363e+06
460225 5.13847e+06
441594 5.12226e+06
441574 5.12224e+06
443537 5.12553e+06
462715 5.14034e+06
444307 5.12297e+06
442087 5.12448e+06
443666 5.12256e+06
443549 5.12249e+06
443490 5.12246e+06
442162 5.1245e+06
442811 5.12234e+06
452379 5.13278e+06
458576 5.13884e+06
443328 5.12518e+06
443276 5.1251e+06
463296 5.14193e+06
442196 5.12255e+06
441008 5.12299e+06
474838 5.14297e+06
459440 5.13938e+06
479607 5.14973e+06
459085 5.1382e+06
442737 5.12232e+06
456390 5.1309e+06
444397 5.12597e+06
442079 5.12446e+06
442010 5.12399e+06
452494 5.13286e+06
452308 5.13288e+06
448252 5.12929e+06
451838 5.1327e+06
443543 5.1255e+06
441947 5.12391e+06
447862 5.12322e+06
447667 5.12313e+06
447455 5.12304e+06
441166 5.12299e+06
447243 5.12295e+06
444881 5.1271e+06
443330 5.12255e+06
443898 5.12285e+06
447024 5.12284e+06
446910 5.1228e+06
441946 5.12388e+06
443288 5.12254e+06
442038 5.12443e+06
449957 5.12396e+06
446655 5.12274e+06
444369 5.12612e+06
443251 5.12252e+06
443215 5.12251e+06
442648 5.12231e+06
452222 5.13325e+06
444368 5.1261e+06
446486 5.1227e+06
457464 5.13744e+06
441166 5.12293e+06
442681 5.12319e+06
455574 5.13666e+06
443148 5.12249e+06
452998 5.12659e+06
443118 5.12248e+06
443916 5.12286e+06
442190 5.12249e+06
474657 5.14258e+06
446317 5.12268e+06
442006 5.12388e+06
441259 5.12269e+06
473857 5.1421e+06
463859 5.13536e+06
445514 5.12575e+06
445454 5.12569e+06
456704 5.13098e+06
447880 5.12323e+06
447438 5.12306e+06
460657 5.13851e+06
443100 5.12231e+06
444631 5.12579e+06
442974 5.12242e+06
452990 5.12658e+06
444366 5.12605e+06
473801 5.14204e+06
444298 5.12294e+06
444246 5.12291e+06
444114 5.12283e+06
452944 5.12656e+06
462983 5.14179e+06
446177 5.12266e+06
447041 5.12288e+06
447016 5.12287e+06
446907 5.12282e+06
446141 5.12265e+06
452454 5.13287e+06
441237 5.12268e+06
446707 5.12277e+06
445723 5.12825e+06
446526 5.12768e+06
452420 5.13284e+06
446665 5.12276e+06
442073 5.12433e+06
455484 5.13662e+06
445981 5.12261e+06
445889 5.12257e+06
444634 5.12599e+06
445861 5.12256e+06
442190 5.12248e+06
444260 5.1229e+06
441973 5.12269e+06
445837 5.12255e+06
457359 5.13297e+06
442944 5.12241e+06
456228 5.12973e+06
442039 5.12448e+06
443214 5.12509e+06
445822 5.12254e+06
442569 5.1223e+06
441166 5.12282e+06
446476 5.12273e+06
442934 5.12232e+06
442038 5.12446e+06
441173 5.12273e+06
447566 5.12912e+06
444623 5.1258e+06
444365 5.12602e+06
442552 5.1223e+06
441166 5.1228e+06
452982 5.12656e+06
444197 5.12284e+06
446322 5.1227e+06
447016 5.12289e+06
456760 5.12922e+06
446676 5.12278e+06
451693 5.13263e+06
447755 5.1236e+06
447764 5.12362e+06
442191 5.12246e+06
444325 5.12295e+06
443508 5.12245e+06
453673 5.13486e+06
447738 5.12362e+06
452373 5.12666e+06
452003 5.13288e+06
446180 5.12268e+06
462593 5.14155e+06
441211 5.12214e+06
446156 5.12268e+06
445714 5.12245e+06
446128 5.12267e+06
445680 5.12244e+06
444331 5.12597e+06
441132 5.12204e+06
444132 5.12688e+06
450407 5.13082e+06
444124 5.12686e+06
463096 5.13475e+06
445967 5.12263e+06
445820 5.12256e+06
453576 5.13479e+06
445875 5.12259e+06
445848 5.12258e+06
445805 5.12255e+06
443197 5.12254e+06
443946 5.12662e+06
459596 5.13957e+06
442727 5.1235e+06
453521 5.13472e+06
442573 5.12229e+06
452303 5.1328e+06
443415 5.12243e+06
453493 5.13473e+06
452859 5.12686e+06
442177 5.12242e+06
447410 5.12353e+06
450315 5.13077e+06
447387 5.12352e+06
441171 5.12274e+06
447353 5.12351e+06
451532 5.13253e+06
441809 5.1222e+06
458912 5.13854e+06
452057 5.13291e+06
441156 5.12273e+06
459556 5.13955e+06
447372 5.1235e+06
447156 5.1234e+06
441662 5.12218e+06
443374 5.12242e+06
452308 5.1328e+06
441601 5.12217e+06
447379 5.12354e+06
445689 5.12246e+06
446999 5.12332e+06
442830 5.1223e+06
458370 5.13444e+06
446752 5.12321e+06
455280 5.13652e+06
462298 5.14136e+06
441241 5.1222e+06
444117 5.12687e+06
443337 5.12241e+06
451460 5.12559e+06
442076 5.12416e+06
442611 5.12329e+06
457620 5.133e+06
446647 5.12269e+06
446641 5.12279e+06
442823 5.12228e+06
441522 5.12298e+06
446715 5.12321e+06
443295 5.1224e+06
442456 5.12228e+06
457506 5.13294e+06
458386 5.13881e+06
443669 5.12248e+06
441630 5.12218e+06
450100 5.13063e+06
461683 5.14082e+06
447055 5.12346e+06
460172 5.13907e+06
442025 5.1241e+06
442254 5.1245e+06
443316 5.1252e+06
462083 5.14124e+06
453819 5.13234e+06
463940 5.13517e+06
447046 5.12347e+06
441258 5.12267e+06
458358 5.1388e+06
442002 5.12448e+06
441497 5.12211e+06
441245 5.12266e+06
443519 5.12553e+06
445869 5.12254e+06
443218 5.12239e+06
449410 5.12985e+06
442000 5.12446e+06
445632 5.12726e+06
455373 5.13578e+06
441245 5.12265e+06
443095 5.12225e+06
450133 5.1241e+06
455103 5.13554e+06
441998 5.12443e+06
442835 5.12228e+06
456288 5.12965e+06
444273 5.1261e+06
443060 5.12225e+06
443448 5.1255e+06
451008 5.12997e+06
441229 5.12265e+06
462151 5.13439e+06
463077 5.13477e+06
446755 5.12319e+06
443037 5.12224e+06
445558 5.12247e+06
446732 5.12319e+06
453921 5.1299e+06
441261 5.12249e+06
441957 5.12425e+06
445896 5.12254e+06
442069 5.1245e+06
451171 5.12523e+06
442164 5.12233e+06
443006 5.12224e+06
442866 5.12641e+06
443074 5.12251e+06
442369 5.12228e+06
446311 5.12278e+06
462987 5.13474e+06
443369 5.12529e+06
450116 5.12407e+06
459900 5.13949e+06
445563 5.12248e+06
442971 5.12223e+06
446149 5.12274e+06
456036 5.1363e+06
452364 5.13288e+06
444343 5.12298e+06
444324 5.12316e+06
444642 5.126e+06
446131 5.12274e+06
442025 5.12398e+06
441150 5.12204e+06
461640 5.14098e+06
445500 5.12248e+06
442465 5.12226e+06
441087 5.12257e+06
461519 5.14088e+06
447916 5.12306e+06
464090 5.13532e+06
444270 5.12598e+06
442931 5.12223e+06
443304 5.12238e+06
447886 5.12306e+06
442980 5.12249e+06
446098 5.12274e+06
443211 5.12231e+06
442973 5.12248e+06
443155 5.12256e+06
446541 5.12338e+06
443033 5.12225e+06
443155 5.12226e+06
441083 5.12251e+06
445922 5.1227e+06
442026 5.12394e+06
441135 5.12197e+06
442065 5.12241e+06
443143 5.12226e+06
440921 5.12299e+06
446534 5.1234e+06
445452 5.12248e+06
463919 5.14218e+06
443675 5.12245e+06
442038 5.12451e+06
455073 5.13598e+06
445505 5.1225e+06
441132 5.12195e+06
442913 5.12247e+06
448444 5.1294e+06
441826 5.12215e+06
446428 5.12336e+06
448428 5.12939e+06
444261 5.12592e+06
444270 5.12612e+06
445732 5.12259e+06
445583 5.12254e+06
446393 5.12335e+06
447747 5.12306e+06
451774 5.13274e+06
463509 5.14199e+06
446385 5.12337e+06
456432 5.13086e+06
443482 5.12277e+06
443434 5.12274e+06
443374 5.1227e+06
443358 5.12269e+06
443297 5.12265e+06
443285 5.12265e+06
443235 5.12262e+06
441903 5.12423e+06
460682 5.13844e+06
445454 5.1225e+06
453692 5.13013e+06
442377 5.12226e+06
454748 5.13574e+06
441955 5.12447e+06
446060 5.12278e+06
452615 5.12616e+06
446859 5.12628e+06
459574 5.1396e+06
441234 5.12249e+06
441210 5.12245e+06
441953 5.12446e+06
441158 5.12234e+06
451874 5.13288e+06
442067 5.12238e+06
442027 5.12234e+06
442760 5.12222e+06
447747 5.12306e+06
454555 5.1356e+06
447535 5.12297e+06
443520 5.12282e+06
473365 5.142e+06
445326 5.12249e+06
441975 5.12246e+06
452558 5.12616e+06
444167 5.12607e+06
442768 5.1222e+06
446425 5.12334e+06
447323 5.12287e+06
450258 5.13051e+06
441616 5.12207e+06
446369 5.12781e+06
442774 5.12243e+06
443030 5.12226e+06
441116 5.12221e+06
461431 5.14087e+06
454396 5.13547e+06
447089 5.12278e+06
441436 5.12215e+06
451774 5.13232e+06
454319 5.13541e+06
456786 5.12922e+06
442717 5.12222e+06
463053 5.13479e+06
441078 5.12217e+06
442692 5.1222e+06
454243 5.13535e+06
441766 5.12201e+06
460036 5.13906e+06
442987 5.12226e+06
463032 5.13479e+06
445332 5.1225e+06
454122 5.13526e+06
461228 5.1406e+06
443674 5.12242e+06
458408 5.13874e+06
441756 5.12198e+06
446305 5.12778e+06
463694 5.13541e+06
441025 5.12212e+06
440987 5.12207e+06
440940 5.12197e+06
441579 5.12197e+06
441424 5.12215e+06
441109 5.12322e+06
451152 5.12989e+06
459463 5.13956e+06
442197 5.12226e+06
441396 5.1221e+06
444274 5.12588e+06
441743 5.12195e+06
441608 5.12197e+06
446617 5.12259e+06
441666 5.12202e+06
445486 5.1282e+06
442615 5.12219e+06
447718 5.12366e+06
441967 5.12241e+06
444227 5.12584e+06
455752 5.13652e+06
440931 5.12312e+06
440930 5.12316e+06
444356 5.12292e+06
448312 5.12302e+06
440930 5.12311e+06
441352 5.12201e+06
440921 5.12309e+06
442075 5.12219e+06
447743 5.12367e+06
451157 5.13043e+06
441731 5.12193e+06
446509 5.12264e+06
441656 5.122e+06
464085 5.13525e+06
446488 5.12264e+06
445225 5.1225e+06
441994 5.12213e+06
448057 5.12301e+06
442625 5.1224e+06
450361 5.12444e+06
448178 5.12301e+06
445861 5.12327e+06
445420 5.12815e+06
445360 5.12806e+06
442183 5.12228e+06
448236 5.12301e+06
455676 5.13648e+06
441640 5.12196e+06
451184 5.13146e+06
443748 5.12257e+06
448177 5.123e+06
446342 5.12262e+06
450034 5.13041e+06
444223 5.12581e+06
443204 5.12263e+06
451927 5.13292e+06
441574 5.12189e+06
447984 5.12301e+06
452912 5.12636e+06
446528 5.12259e+06
441724 5.1219e+06
477083 5.1443e+06
441631 5.12194e+06
453694 5.13247e+06
443032 5.12255e+06
446503 5.12259e+06
445231 5.12252e+06
445852 5.12329e+06
444161 5.12596e+06
442251 5.12274e+06
446174 5.12259e+06
443406 5.12279e+06
457450 5.13039e+06
443308 5.12273e+06
446024 5.12255e+06
449174 5.12403e+06
445752 5.12325e+06
447919 5.12301e+06
442756 5.12486e+06
441499 5.1218e+06
448057 5.123e+06
445713 5.12324e+06
443342 5.1255e+06
446555 5.12286e+06
441623 5.12191e+06
445762 5.12327e+06
460472 5.13877e+06
445732 5.12327e+06
446731 5.12311e+06
441843 5.12221e+06
447885 5.12301e+06
447182 5.12599e+06
453048 5.13154e+06
452332 5.12592e+06
441532 5.1218e+06
441328 5.12201e+06
451787 5.13288e+06
444157 5.12592e+06
459401 5.13955e+06
443080 5.12219e+06
473158 5.14171e+06
443273 5.12531e+06
442957 5.12638e+06
450549 5.13038e+06
445595 5.12322e+06
441406 5.12165e+06
473138 5.14169e+06
450531 5.13036e+06
473261 5.14202e+06
441902 5.12236e+06
449091 5.12404e+06
442002 5.1245e+06
476775 5.14399e+06
442632 5.12238e+06
445588 5.12324e+06
445616 5.12314e+06
445640 5.12314e+06
443751 5.12293e+06
445602 5.12313e+06
441564 5.12179e+06
445639 5.12313e+06
441879 5.12231e+06
443074 5.12511e+06
440815 5.1219e+06
441370 5.12158e+06
444380 5.12616e+06
441277 5.12151e+06
473111 5.14171e+06
451582 5.13249e+06
451435 5.13231e+06
446924 5.12268e+06
447430 5.12915e+06
441676 5.12178e+06
441116 5.12139e+06
446034 5.12281e+06
443774 5.12294e+06
441314 5.12194e+06
440807 5.12186e+06
442438 5.12236e+06
441556 5.12208e+06
449349 5.12989e+06
449273 5.12982e+06
449238 5.12979e+06
440955 5.12127e+06
455648 5.13649e+06
453099 5.13213e+06
449920 5.1289e+06
441524 5.12198e+06
445638 5.12312e+06
463131 5.13477e+06
445611 5.12311e+06
455595 5.13642e+06
440872 5.12121e+06
440797 5.12181e+06
447201 5.12361e+06
440772 5.12113e+06
445606 5.12311e+06
441798 5.12393e+06
446862 5.12807e+06
441974 5.12234e+06
442756 5.12476e+06
445384 5.12319e+06
443746 5.12252e+06
446568 5.1225e+06
441402 5.12158e+06
441375 5.12156e+06
441916 5.12214e+06
446443 5.12251e+06
446529 5.12859e+06
440715 5.1211e+06
441540 5.12203e+06
442027 5.12225e+06
441137 5.12138e+06
444127 5.12592e+06
441765 5.12381e+06
446780 5.12268e+06
461277 5.14052e+06
440863 5.12313e+06
440640 5.12104e+06
445374 5.1232e+06
440888 5.12119e+06
457941 5.13871e+06
442615 5.12242e+06
464232 5.13552e+06
440798 5.12112e+06
440772 5.1211e+06
460572 5.13863e+06
443280 5.12274e+06
458445 5.13899e+06
445419 5.12311e+06
447001 5.12357e+06
457520 5.12978e+06
441429 5.12158e+06
451753 5.12581e+06
452074 5.13153e+06
451571 5.12571e+06
445520 5.12583e+06
441435 5.12181e+06
457921 5.1387e+06
441415 5.12156e+06
451731 5.13288e+06
446401 5.12248e+06
441037 5.12196e+06
440654 5.12102e+06
441183 5.12138e+06
441141 5.12135e+06
444158 5.12581e+06
445271 5.12805e+06
441763 5.12375e+06
444126 5.12589e+06
440919 5.12119e+06
440899 5.12117e+06
443987 5.12489e+06
446140 5.12774e+06
442528 5.12236e+06
440820 5.12111e+06
440779 5.12108e+06
453480 5.13485e+06
440674 5.121e+06
441343 5.12167e+06
441221 5.12154e+06
451449 5.13259e+06
440936 5.12128e+06
463125 5.13478e+06
464091 5.13519e+06
441074 5.12144e+06
441058 5.12142e+06
452129 5.13169e+06
441765 5.12371e+06
440973 5.12313e+06
445521 5.12301e+06
440983 5.12251e+06
450302 5.13088e+06
453713 5.13193e+06
441963 5.12412e+06
443933 5.12571e+06
440934 5.12133e+06
455140 5.13613e+06
444691 5.126e+06
441035 5.1219e+06
441196 5.12203e+06
451791 5.13234e+06
453567 5.13184e+06
446507 5.12243e+06
450206 5.13082e+06
445046 5.12312e+06
445127 5.12305e+06
450181 5.1308e+06
440533 5.121e+06
451598 5.13269e+06
441981 5.1223e+06
444126 5.12584e+06
441244 5.12229e+06
463142 5.13476e+06
461173 5.14084e+06
442519 5.1224e+06
449174 5.12405e+06
459324 5.13956e+06
450955 5.13003e+06
444692 5.1258e+06
451829 5.13292e+06
440958 5.12256e+06
461142 5.14079e+06
445040 5.12314e+06
445071 5.12304e+06
448291 5.12293e+06
440907 5.12128e+06
442502 5.1224e+06
445550 5.12733e+06
445620 5.12309e+06
441472 5.12199e+06
444151 5.12572e+06
441850 5.12197e+06
450324 5.12433e+06
445750 5.12333e+06
446364 5.12255e+06
446304 5.12238e+06
461072 5.14068e+06
444905 5.1231e+06
446215 5.12252e+06
448145 5.12292e+06
446180 5.12251e+06
441211 5.12231e+06
453202 5.13164e+06
441278 5.12183e+06
445765 5.1233e+06
440551 5.12096e+06
446285 5.12236e+06
440963 5.12251e+06
460477 5.13863e+06
445400 5.128e+06
452748 5.12696e+06
445737 5.12329e+06
444894 5.12311e+06
441843 5.12194e+06
445106 5.12257e+06
445086 5.12256e+06
445648 5.12309e+06
447696 5.12371e+06
441271 5.12181e+06
446743 5.12307e+06
443191 5.1227e+06
444854 5.12299e+06
460967 5.14052e+06
441228 5.12194e+06
446614 5.12251e+06
440906 5.12125e+06
448259 5.12374e+06
451513 5.12555e+06
445482 5.12294e+06
443137 5.12268e+06
446965 5.129e+06
450910 5.13067e+06
443727 5.1229e+06
442739 5.12642e+06
447921 5.1229e+06
445813 5.1227e+06
442308 5.1228e+06
441429 5.12155e+06
445688 5.12267e+06
441030 5.1218e+06
444380 5.12296e+06
445782 5.12269e+06
454053 5.1353e+06
441955 5.12192e+06
460217 5.13859e+06
450181 5.12409e+06
443680 5.12232e+06
448896 5.12961e+06
442647 5.12216e+06
443665 5.12288e+06
453977 5.13524e+06
441836 5.12192e+06
446481 5.12351e+06
457706 5.13863e+06
459735 5.1378e+06
442500 5.12214e+06
442400 5.12238e+06
450589 5.1304e+06
450576 5.13038e+06
445449 5.12303e+06
446929 5.12899e+06
445933 5.12286e+06
440816 5.12312e+06
442969 5.12261e+06
443236 5.1255e+06
442953 5.1226e+06
444592 5.12302e+06
442411 5.12239e+06
444680 5.12296e+06
446392 5.12232e+06
477448 5.14524e+06
476217 5.14388e+06
459286 5.13957e+06
446369 5.12232e+06
441379 5.12333e+06
446249 5.12238e+06
446165 5.12235e+06
445934 5.12229e+06
443183 5.12538e+06
446248 5.1224e+06
444555 5.12301e+06
450562 5.13035e+06
442915 5.12259e+06
443164 5.12533e+06
443041 5.12213e+06
458544 5.13893e+06
445609 5.12267e+06
444583 5.12303e+06
443126 5.12525e+06
440437 5.12097e+06
451186 5.13248e+06
464230 5.13545e+06
443341 5.12229e+06
452672 5.13386e+06
453005 5.13377e+06
440925 5.12256e+06
445597 5.12572e+06
445540 5.12566e+06
441218 5.12182e+06
444547 5.12302e+06
441271 5.12253e+06
444480 5.12299e+06
441222 5.12187e+06
442867 5.12257e+06
464746 5.14094e+06
450824 5.1305e+06
445831 5.12285e+06
446902 5.12898e+06
440907 5.12129e+06
449947 5.1307e+06
459246 5.13956e+06
443067 5.12227e+06
440981 5.12245e+06
450284 5.1309e+06
440854 5.12312e+06
459177 5.13951e+06
441571 5.1215e+06
452847 5.12618e+06
441548 5.12148e+06
446200 5.12247e+06
441510 5.12146e+06
441307 5.12132e+06
441263 5.12128e+06
440458 5.12094e+06
446096 5.12245e+06
441047 5.12112e+06
445920 5.12239e+06
441025 5.1211e+06
442115 5.12213e+06
442987 5.12212e+06
444453 5.123e+06
440954 5.12104e+06
445892 5.12239e+06
441807 5.12184e+06
442412 5.12214e+06
444069 5.12584e+06
441242 5.12167e+06
443680 5.12297e+06
441941 5.12186e+06
445728 5.12284e+06
450985 5.13004e+06
441815 5.12445e+06
445702 5.12284e+06
445590 5.1228e+06
443239 5.12227e+06
443934 5.12573e+06
445453 5.12275e+06
443088 5.12278e+06
440806 5.12098e+06
445226 5.12292e+06
450717 5.13046e+06
461982 5.14131e+06
450170 5.12406e+06
451611 5.13288e+06
445151 5.12298e+06
443041 5.12276e+06
452400 5.1318e+06
445127 5.12289e+06
445019 5.12284e+06
444925 5.12279e+06
442811 5.12214e+06
441812 5.12447e+06
446121 5.12777e+06
446466 5.12307e+06
442954 5.12213e+06
443702 5.12299e+06
442308 5.1229e+06
445306 5.12799e+06
446374 5.12304e+06
445098 5.12297e+06
446344 5.12304e+06
446323 5.12303e+06
443998 5.12693e+06
440730 5.12095e+06
442084 5.12213e+06
446930 5.12901e+06
451598 5.13284e+06
441456 5.12157e+06
446222 5.123e+06
451104 5.13049e+06
443672 5.12565e+06
461517 5.14105e+06
451084 5.12995e+06
448698 5.12953e+06
446169 5.12299e+06
440932 5.12142e+06
446099 5.12297e+06
455516 5.13675e+06
446373 5.1223e+06
450913 5.13035e+06
440783 5.12299e+06
450890 5.13033e+06
440902 5.1214e+06
440913 5.12214e+06
463369 5.1413e+06
441840 5.12429e+06
446400 5.12231e+06
459087 5.13948e+06
453992 5.13523e+06
446361 5.12229e+06
443347 5.12289e+06
440946 5.12272e+06
443327 5.12287e+06
441776 5.12176e+06
445939 5.12227e+06
445089 5.128e+06
446395 5.1223e+06
464102 5.13513e+06
441932 5.12182e+06
445708 5.12337e+06
442918 5.12213e+06
442769 5.12214e+06
445454 5.12269e+06
442822 5.12267e+06
461451 5.14093e+06
450732 5.13024e+06
440607 5.1209e+06
440916 5.12251e+06
442631 5.12208e+06
441758 5.12173e+06
441818 5.12428e+06
440925 5.12256e+06
442535 5.12203e+06
444883 5.12293e+06
444790 5.12288e+06
442466 5.122e+06
444707 5.12283e+06
442877 5.12255e+06
442782 5.12266e+06
446753 5.12304e+06
442424 5.12198e+06
440938 5.1228e+06
440953 5.12269e+06
441197 5.12167e+06
463397 5.14173e+06
456416 5.13737e+06
454941 5.13604e+06
443186 5.12214e+06
440768 5.12299e+06
450884 5.13233e+06
441556 5.12146e+06
440893 5.12237e+06
442346 5.12195e+06
440849 5.12224e+06
445250 5.12744e+06
442808 5.12351e+06
440823 5.12215e+06
443157 5.12214e+06
441542 5.12152e+06
440750 5.12124e+06
441514 5.1215e+06
442340 5.1245e+06
446774 5.12259e+06
440779 5.12313e+06
451193 5.12991e+06
457476 5.13304e+06
446519 5.12321e+06
440781 5.12309e+06
441922 5.12178e+06
443207 5.12271e+06
442277 5.12213e+06
440687 5.12181e+06
443817 5.12572e+06
456836 5.12916e+06
453933 5.13526e+06
440511 5.12087e+06
445318 5.12794e+06
460433 5.14055e+06
446275 5.12221e+06
456828 5.12916e+06
443093 5.12213e+06
446898 5.12902e+06
456669 5.12908e+06
442821 5.12254e+06
446467 5.12316e+06
445328 5.12269e+06
455521 5.13652e+06
456509 5.12902e+06
440965 5.12265e+06
447885 5.1229e+06
454616 5.13582e+06
440600 5.12108e+06
445496 5.12802e+06
440718 5.12191e+06
456412 5.13619e+06
440705 5.12187e+06
440721 5.12123e+06
441050 5.12167e+06
449034 5.12397e+06
440754 5.12122e+06
455737 5.13637e+06
443817 5.12569e+06
440904 5.12133e+06
441288 5.12243e+06
443684 5.12225e+06
460365 5.13774e+06
442288 5.12195e+06
460295 5.14047e+06
451535 5.13288e+06
442676 5.12264e+06
441077 5.12263e+06
446928 5.12258e+06
442777 5.12254e+06
447921 5.12284e+06
440971 5.12263e+06
443958 5.12597e+06
453633 5.13163e+06
443119 5.12539e+06
445890 5.1223e+06
440888 5.12251e+06
443097 5.12534e+06
449083 5.12396e+06
441725 5.12164e+06
441914 5.12174e+06
449322 5.1298e+06
443079 5.1253e+06
449307 5.12979e+06
440756 5.1212e+06
445557 5.12331e+06
447749 5.1229e+06
453577 5.1316e+06
446213 5.12215e+06
467533 5.13802e+06
444838 5.12734e+06
440885 5.12247e+06
442593 5.12247e+06
447267 5.12639e+06
447888 5.12284e+06
440420 5.12084e+06
442994 5.1228e+06
443958 5.12592e+06
442941 5.12215e+06
440921 5.12262e+06
440743 5.12126e+06
450116 5.13086e+06
440945 5.12223e+06
458857 5.13907e+06
446937 5.12881e+06
451539 5.13273e+06
441017 5.12271e+06
441067 5.1227e+06
456659 5.12914e+06
447628 5.12289e+06
441931 5.1224e+06
447400 5.1228e+06
442485 5.12244e+06
461814 5.14129e+06
447159 5.12271e+06
443818 5.12572e+06
445192 5.1227e+06
445013 5.12799e+06
445261 5.12772e+06
441283 5.12333e+06
440702 5.12192e+06
447755 5.12284e+06
442293 5.12248e+06
443381 5.12219e+06
440541 5.12107e+06
466418 5.1385e+06
455272 5.13667e+06
454172 5.13548e+06
445440 5.12801e+06
443343 5.12218e+06
440791 5.12215e+06
440767 5.12209e+06
443294 5.12291e+06
444343 5.12588e+06
454095 5.13542e+06
445559 5.12759e+06
447153 5.12272e+06
461759 5.14127e+06
441740 5.12446e+06
443295 5.12217e+06
447062 5.1227e+06
445727 5.12334e+06
441061 5.12242e+06
447623 5.12277e+06
448108 5.12279e+06
445974 5.12774e+06
463964 5.14222e+06
441007 5.12309e+06
445344 5.12327e+06
440913 5.12181e+06
442688 5.12252e+06
462289 5.14071e+06
441025 5.12237e+06
442808 5.12639e+06
443252 5.12216e+06
440514 5.12106e+06
446100 5.12285e+06
447501 5.1227e+06
455511 5.13643e+06
440742 5.12127e+06
442433 5.12243e+06
446940 5.12878e+06
454408 5.13567e+06
472544 5.14027e+06
455688 5.13638e+06
440856 5.12238e+06
442535 5.1226e+06
445338 5.12791e+06
447415 5.12266e+06
454302 5.13559e+06
440264 5.12089e+06
440272 5.12087e+06
446424 5.12324e+06
443818 5.12573e+06
442736 5.1227e+06
442723 5.12269e+06
461654 5.14123e+06
454904 5.13607e+06
457284 5.13851e+06
463339 5.14133e+06
446615 5.1225e+06
447293 5.12258e+06
440776 5.12209e+06
447233 5.12256e+06
440738 5.12198e+06
454972 5.13612e+06
440315 5.1208e+06
440690 5.12125e+06
455041 5.13618e+06
440613 5.12115e+06
440586 5.12111e+06
440251 5.12091e+06
443947 5.12584e+06
443143 5.12551e+06
443111 5.12545e+06
443095 5.12542e+06
445945 5.12222e+06
443082 5.12539e+06
446942 5.12875e+06
443562 5.1234e+06
445330 5.1226e+06
446084 5.12203e+06
446059 5.12203e+06
445013 5.1227e+06
442575 5.1225e+06
455474 5.13643e+06
451252 5.12523e+06
440731 5.12198e+06
445271 5.12328e+06
446449 5.12312e+06
455143 5.13663e+06
444955 5.12265e+06
446303 5.12324e+06
451033 5.1284e+06
445626 5.12274e+06
442289 5.12294e+06
445226 5.12328e+06
464137 5.13478e+06
446223 5.12323e+06
445136 5.12743e+06
453233 5.12665e+06
445964 5.12203e+06
461528 5.14118e+06
444972 5.12266e+06
450219 5.12408e+06
456517 5.12897e+06
440877 5.12181e+06
452717 5.12593e+06
446058 5.12204e+06
446186 5.12322e+06
445276 5.12765e+06
445926 5.12203e+06
443176 5.1221e+06
446159 5.12322e+06
456490 5.12896e+06
453425 5.13491e+06
456484 5.13094e+06
445727 5.1234e+06
458874 5.13907e+06
459957 5.14035e+06
441733 5.12158e+06
443032 5.12531e+06
447272 5.1226e+06
440639 5.12088e+06
444932 5.1227e+06
445886 5.12204e+06
452897 5.13201e+06
447216 5.12258e+06
445903 5.12231e+06
446058 5.12319e+06
456467 5.12896e+06
441063 5.12155e+06
440478 5.12077e+06
441605 5.12144e+06
443348 5.12214e+06
443247 5.12218e+06
445188 5.12265e+06
445964 5.12204e+06
444922 5.12269e+06
442426 5.12259e+06
450200 5.12413e+06
456318 5.12911e+06
440372 5.1207e+06
444910 5.12268e+06
451419 5.13288e+06
445945 5.12204e+06
445334 5.12329e+06
452938 5.13164e+06
440279 5.1206e+06
