377095 5.104e+06 129491 
377187 5.10406e+06 129489 
377259 5.10412e+06 129488 
377301 5.1041e+06 126570 
377465 5.10389e+06 126766 
377511 5.10385e+06 129123 
377556 5.10387e+06 129124 
377696 5.10378e+06 129121 
377759 5.10382e+06 129122 
377924 5.10371e+06 129128 
377940 5.10358e+06 129430 
378023 5.10359e+06 126992 
378125 5.10342e+06 127185 
378467 5.10299e+06 127381 
378513 5.10298e+06 127380 
378695 5.10292e+06 118319 
378443 5.10282e+06 118318 
378730 5.10279e+06 118322 
379090 5.10281e+06 155109 
379224 5.10282e+06 118311 
379586 5.10276e+06 118328 
379682 5.10276e+06 118329 
379846 5.10281e+06 118315 
379947 5.10285e+06 118310 
379975 5.10286e+06 118307 
380049 5.1029e+06 118301 
380090 5.10294e+06 118298 
380165 5.10303e+06 118275 
380169 5.10303e+06 118276 
380232 5.10311e+06 155297 
380288 5.1031e+06 155272 
380433 5.10321e+06 155273 
380438 5.1032e+06 155231 
380587 5.10326e+06 155232 
380606 5.10326e+06 155230 
380728 5.10327e+06 118224 
381117 5.10342e+06 118205 
381460 5.10351e+06 118165 
381492 5.10351e+06 118163 
381791 5.10348e+06 165818 
381927 5.1035e+06 165819 
382160 5.10351e+06 165820 
382268 5.10359e+06 155594 
382282 5.1036e+06 155354 
382408 5.10365e+06 155316 
382853 5.10383e+06 155209 
382884 5.10399e+06 155210 
383432 5.10432e+06 149230 
383600 5.10472e+06 149223 
383828 5.10479e+06 149224 
384320 5.10477e+06 166039 
384551 5.10488e+06 149218 
384619 5.10494e+06 149219 
385211 5.10534e+06 149220 
385213 5.10534e+06 117999 
386618 5.10597e+06 148848 
386631 5.10597e+06 148849 
386881 5.10602e+06 149090 
386928 5.10603e+06 149092 
387572 5.1063e+06 166117 
388114 5.10634e+06 149093 
388116 5.10633e+06 159363 
388146 5.10632e+06 159364 
388383 5.10664e+06 117864 
388495 5.1067e+06 117865 
391475 5.10704e+06 117828 
392487 5.1071e+06 149358 
401958 5.10862e+06 117644 
402458 5.10892e+06 117605 
402934 5.1092e+06 117584 
407315 5.1124e+06 117211 
408507 5.1128e+06 117192 
409190 5.11291e+06 161049 
410433 5.11305e+06 156480 
411329 5.11314e+06 156481 
412681 5.11329e+06 117087 
413059 5.11334e+06 117088 
415767 5.11383e+06 159089 
415929 5.11386e+06 159090 
418148 5.11427e+06 116916 
418259 5.1143e+06 116917 
418507 5.11436e+06 159086 
419498 5.11469e+06 160995 
423750 5.11614e+06 116685 
424702 5.11663e+06 116667 
424820 5.11669e+06 159105 
428445 5.11823e+06 157834 
429205 5.11853e+06 157837 
431480 5.1198e+06 116196 
431944 5.11997e+06 13563 
431967 5.11991e+06 19271 
431976 5.11987e+06 13666 
432116 5.11996e+06 13667 
432213 5.12e+06 51826 
432490 5.12017e+06 13669 
432523 5.12016e+06 13620 
432756 5.12003e+06 13622 
432945 5.11983e+06 13629 
433024 5.11986e+06 13628 
433111 5.11989e+06 13627 
433227 5.11993e+06 13626 
433361 5.11998e+06 13625 
433530 5.12005e+06 13624 
433564 5.12006e+06 13623 
433779 5.12016e+06 48145 
433908 5.12019e+06 13636 
434131 5.12021e+06 55366 
434362 5.12021e+06 13601 
434525 5.12018e+06 13602 
434589 5.12017e+06 13603 
434838 5.12016e+06 13604 
435004 5.12021e+06 13674 
435602 5.12042e+06 13885 
437410 5.12106e+06 13887 
438044 5.12136e+06 13888 
438213 5.12146e+06 13889 
438361 5.12158e+06 13890 
438441 5.12166e+06 13891 
438549 5.12176e+06 13892 
438616 5.12186e+06 13893 
438673 5.12194e+06 13894 
438730 5.12202e+06 15419 
438756 5.12207e+06 15359 
438769 5.12208e+06 15360 
439529 5.12186e+06 13966 
439556 5.1219e+06 15461 
439572 5.12192e+06 15462 
439607 5.12198e+06 15463 
439620 5.122e+06 46535 
439671 5.12207e+06 15464 
439709 5.12213e+06 15465 
439770 5.12222e+06 15466 
439797 5.12225e+06 15525 
439810 5.12228e+06 15526 
439842 5.12232e+06 15527 
439893 5.12241e+06 15528 
439911 5.12244e+06 15529 
439936 5.12247e+06 15530 
439957 5.1225e+06 15531 
440014 5.1226e+06 15532 
440037 5.12263e+06 15535 
440085 5.12268e+06 15536 
440105 5.1227e+06 15684 
440129 5.12273e+06 15537 
440156 5.12276e+06 15538 
440168 5.12278e+06 15539 
440179 5.12287e+06 15540 
440182 5.1229e+06 54151 
440195 5.12296e+06 15541 
440222 5.12301e+06 15542 
440267 5.12309e+06 15543 
440315 5.12311e+06 20004 
440386 5.12311e+06 15544 
440530 5.12312e+06 15545 
440542 5.12312e+06 15546 
440646 5.12313e+06 15547 
440779 5.12313e+06 15548 
440816 5.12312e+06 18620 
440863 5.12313e+06 18621 
440930 5.12316e+06 15976 
441101 5.12316e+06 15987 
441286 5.12316e+06 15986 
441355 5.12316e+06 51714 
441362 5.12316e+06 15985 
441739 5.12317e+06 15983 
441939 5.12318e+06 19213 
442002 5.12318e+06 18528 
442035 5.12318e+06 15676 
442121 5.12318e+06 15675 
442178 5.12329e+06 15939 
442213 5.12335e+06 15938 
442309 5.12338e+06 15937 
442361 5.1235e+06 15927 
442372 5.12352e+06 15928 
442906 5.12364e+06 8633 
442912 5.12364e+06 8556 
442960 5.12369e+06 8629 
442965 5.12369e+06 8630 
442972 5.1237e+06 8631 
442992 5.12372e+06 8632 
443006 5.12373e+06 8623 
443015 5.12374e+06 8615 
443093 5.12382e+06 8626 
443164 5.12387e+06 8627 
443616 5.12403e+06 8628 
443623 5.12403e+06 8650 
443643 5.12404e+06 53800 
443655 5.12405e+06 8648 
443670 5.12406e+06 8645 
443743 5.12413e+06 8651 
443783 5.12416e+06 8700 
443830 5.12418e+06 8699 
443857 5.12419e+06 8698 
443919 5.12421e+06 8697 
443979 5.12418e+06 8695 
444072 5.12425e+06 8694 
444168 5.12429e+06 8693 
444249 5.12432e+06 8692 
444370 5.12437e+06 8691 
444444 5.1244e+06 8690 
444468 5.12441e+06 8689 
444507 5.12443e+06 8688 
444564 5.12445e+06 8687 
444643 5.12449e+06 8686 
444743 5.12454e+06 8685 
444856 5.12459e+06 8684 
444967 5.12464e+06 9145 
445004 5.12465e+06 9146 
445094 5.1247e+06 9147 
445258 5.12476e+06 9148 
445328 5.1248e+06 9149 
445377 5.12483e+06 9175 
445487 5.12496e+06 9171 
445649 5.12513e+06 9174 
445702 5.12519e+06 9173 
445772 5.12526e+06 9172 
445906 5.12541e+06 9170 
445925 5.12543e+06 9169 
446008 5.12552e+06 48356 
446071 5.12559e+06 9646 
446227 5.12577e+06 9647 
446396 5.12594e+06 54312 
446417 5.12599e+06 9547 
446419 5.12602e+06 9548 
446326 5.1265e+06 9560 
446931 5.12679e+06 9557 
447247 5.12676e+06 9559 
448410 5.12669e+06 9787 
453087 5.12967e+06 51808 
454197 5.13022e+06 53745 
454636 5.1304e+06 57698 
455228 5.13066e+06 18205 
455814 5.13092e+06 18192 
456317 5.13116e+06 1178 
458225 5.13208e+06 48054 
458933 5.13243e+06 48053 
460150 5.13309e+06 51796 
461588 5.13409e+06 51818 
461699 5.13419e+06 51819 
462611 5.13498e+06 715 
463024 5.13535e+06 672 
463035 5.13536e+06 666 
463175 5.13548e+06 51766 
463986 5.1362e+06 51772 
464662 5.13677e+06 51780 
467820 5.13929e+06 484 
468229 5.13959e+06 477 
468322 5.13965e+06 48210 
470461 5.14169e+06 302 
470772 5.1423e+06 303 
471752 5.14442e+06 51924 
471958 5.14488e+06 183 
472115 5.14522e+06 165 
472158 5.14532e+06 51929 
472186 5.14538e+06 51930 
472941 5.1475e+06 55183 
473144 5.14783e+06 24712 
473207 5.14784e+06 55354 
473324 5.1477e+06 24711 
474009 5.14745e+06 24710 
474422 5.14784e+06 50516 
474753 5.14815e+06 21 
475377 5.14842e+06 24680 
475406 5.14844e+06 24681 
476195 5.1488e+06 7 
476484 5.14909e+06 51948 
476539 5.14912e+06 4 
477337 5.14912e+06 3 
477453 5.1494e+06 2 
