377095 5.104e+06 129491 
377187 5.10406e+06 129489 
377259 5.10412e+06 129488 
377226 5.10413e+06 128686 
377162 5.10416e+06 126533 
377255 5.10424e+06 126534 
377096 5.10435e+06 128927 
376982 5.10442e+06 126330 
376704 5.10426e+06 126461 
376838 5.1042e+06 126499 
376842 5.10418e+06 126516 
376472 5.10407e+06 126596 
376435 5.10406e+06 126595 
376283 5.10416e+06 126529 
376267 5.10408e+06 126577 
376225 5.10407e+06 126592 
376205 5.10406e+06 126593 
376243 5.10402e+06 126637 
376269 5.10396e+06 126675 
376293 5.10389e+06 126773 
376325 5.10378e+06 126815 
376336 5.10375e+06 128455 
376384 5.10366e+06 126946 
376177 5.10363e+06 126945 
376206 5.10348e+06 127072 
376164 5.10334e+06 127154 
376122 5.10319e+06 127247 
376102 5.10318e+06 128701 
376092 5.10317e+06 127264 
376114 5.10316e+06 128472 
376488 5.10298e+06 159130 
376592 5.10293e+06 127444 
376651 5.1029e+06 159128 
376747 5.10285e+06 127442 
376781 5.10284e+06 127441 
376874 5.10279e+06 127464 
377055 5.10266e+06 127515 
377145 5.10259e+06 122583 
377193 5.10253e+06 122582 
377272 5.10247e+06 122584 
377152 5.10237e+06 156334 
377307 5.10222e+06 156324 
377351 5.10213e+06 156316 
377376 5.10207e+06 156315 
377623 5.10206e+06 118395 
377798 5.10207e+06 118396 
377995 5.1019e+06 118414 
378198 5.10174e+06 118434 
378547 5.10146e+06 162711 
378574 5.10142e+06 118464 
378590 5.1014e+06 162715 
378716 5.10131e+06 118474 
378673 5.10128e+06 118519 
378876 5.10105e+06 118517 
379089 5.10114e+06 118518 
379386 5.10131e+06 118473 
382320 5.10292e+06 118291 
382351 5.10306e+06 118263 
382303 5.10334e+06 155597 
382288 5.10338e+06 118198 
382011 5.10344e+06 155106 
382160 5.10351e+06 165820 
382268 5.10359e+06 155594 
382282 5.1036e+06 155354 
382408 5.10365e+06 155316 
382853 5.10383e+06 155209 
382884 5.10399e+06 155210 
383432 5.10432e+06 149230 
383600 5.10472e+06 149223 
383828 5.10479e+06 149224 
384320 5.10477e+06 166039 
384551 5.10488e+06 149218 
384619 5.10494e+06 149219 
385211 5.10534e+06 149220 
385213 5.10534e+06 117999 
386618 5.10597e+06 148848 
386631 5.10597e+06 148849 
386881 5.10602e+06 149090 
386928 5.10603e+06 149092 
387572 5.1063e+06 166117 
388114 5.10634e+06 149093 
388112 5.10635e+06 117891 
388162 5.10657e+06 117873 
387771 5.1065e+06 158751 
388495 5.1067e+06 117865 
391475 5.10704e+06 117828 
392487 5.1071e+06 149358 
401958 5.10862e+06 117644 
402458 5.10892e+06 117605 
402934 5.1092e+06 117584 
407315 5.1124e+06 117211 
408507 5.1128e+06 117192 
409190 5.11291e+06 161049 
410433 5.11305e+06 156480 
411329 5.11314e+06 156481 
412681 5.11329e+06 117087 
413882 5.11346e+06 117048 
414820 5.11363e+06 117018 
415779 5.11381e+06 159087 
415937 5.11384e+06 159088 
416524 5.11395e+06 116955 
416902 5.11402e+06 116946 
417218 5.11408e+06 116939 
417565 5.11414e+06 116940 
418259 5.1143e+06 116917 
418507 5.11436e+06 159086 
419498 5.11469e+06 160995 
423750 5.11614e+06 116685 
424276 5.11632e+06 116672 
424341 5.11631e+06 116677 
424491 5.11614e+06 116695 
424990 5.11634e+06 116696 
425530 5.11641e+06 152434 
425931 5.11626e+06 144293 
425992 5.11624e+06 144292 
426751 5.11618e+06 144298 
426762 5.11617e+06 144314 
427105 5.11664e+06 144316 
427208 5.11672e+06 144317 
427642 5.11703e+06 144318 
427729 5.11707e+06 144320 
427889 5.1171e+06 144321 
428437 5.11725e+06 144470 
428774 5.11737e+06 144475 
428801 5.11738e+06 144472 
428811 5.11742e+06 144474 
428944 5.11755e+06 144488 
429207 5.1178e+06 144484 
429244 5.1178e+06 144491 
429745 5.11852e+06 144570 
429789 5.11853e+06 144494 
429726 5.11867e+06 144492 
431034 5.1192e+06 144493 
431940 5.1193e+06 144499 
432110 5.11924e+06 13577 
432243 5.11918e+06 13560 
432435 5.11939e+06 55365 
432508 5.11946e+06 13642 
432591 5.11953e+06 13631 
432720 5.11964e+06 13632 
432761 5.11968e+06 13649 
432841 5.11974e+06 55646 
432877 5.11977e+06 13630 
432945 5.11983e+06 13629 
433024 5.11986e+06 13628 
433111 5.11989e+06 13627 
433227 5.11993e+06 13626 
433361 5.11998e+06 13625 
433530 5.12005e+06 13624 
433564 5.12006e+06 13623 
433779 5.12016e+06 48145 
433908 5.12019e+06 13636 
434131 5.12021e+06 55366 
434362 5.12021e+06 13601 
434525 5.12018e+06 13602 
434589 5.12017e+06 13603 
434838 5.12016e+06 13604 
435004 5.12021e+06 13674 
435602 5.12042e+06 13885 
437410 5.12106e+06 13887 
438044 5.12136e+06 13888 
438213 5.12146e+06 13889 
438361 5.12158e+06 13890 
438441 5.12166e+06 13891 
438549 5.12176e+06 13892 
438616 5.12186e+06 13893 
438673 5.12194e+06 13894 
438730 5.12202e+06 15419 
438756 5.12207e+06 15359 
438769 5.12208e+06 15360 
439529 5.12186e+06 13966 
439556 5.1219e+06 15461 
439572 5.12192e+06 15462 
439607 5.12198e+06 15463 
439620 5.122e+06 46535 
439671 5.12207e+06 15464 
439709 5.12213e+06 15465 
439770 5.12222e+06 15466 
439797 5.12225e+06 15525 
439810 5.12228e+06 15526 
439842 5.12232e+06 15527 
439893 5.12241e+06 15528 
439911 5.12244e+06 15529 
439936 5.12247e+06 15530 
439957 5.1225e+06 15531 
440014 5.1226e+06 15532 
440037 5.12263e+06 15535 
440085 5.12268e+06 15536 
440105 5.1227e+06 15684 
440129 5.12273e+06 15537 
440156 5.12276e+06 15538 
440168 5.12278e+06 15539 
440179 5.12287e+06 15540 
440182 5.1229e+06 54151 
440195 5.12296e+06 15541 
440222 5.12301e+06 15542 
440267 5.12309e+06 15543 
440315 5.12311e+06 20004 
440386 5.12311e+06 15544 
440530 5.12312e+06 15545 
440542 5.12312e+06 15546 
440646 5.12313e+06 15547 
440779 5.12313e+06 15548 
440816 5.12312e+06 18620 
440863 5.12313e+06 18621 
440930 5.12316e+06 15976 
441101 5.12316e+06 15987 
441286 5.12316e+06 15986 
441355 5.12316e+06 51714 
441362 5.12316e+06 15985 
441739 5.12317e+06 15983 
441939 5.12318e+06 19213 
442002 5.12318e+06 18528 
442035 5.12318e+06 15676 
442121 5.12318e+06 15675 
442178 5.12329e+06 15939 
442213 5.12335e+06 15938 
442309 5.12338e+06 15937 
442361 5.1235e+06 15927 
442372 5.12352e+06 15928 
442906 5.12364e+06 8633 
442912 5.12364e+06 8556 
442960 5.12369e+06 8629 
442965 5.12369e+06 8630 
442972 5.1237e+06 8631 
442992 5.12372e+06 8632 
443006 5.12373e+06 8623 
443015 5.12374e+06 8615 
443093 5.12382e+06 8626 
443164 5.12387e+06 8627 
443616 5.12403e+06 8628 
443623 5.12403e+06 8650 
443643 5.12404e+06 53800 
443655 5.12405e+06 8648 
443670 5.12406e+06 8645 
443743 5.12413e+06 8651 
443783 5.12416e+06 8700 
443830 5.12418e+06 8699 
443857 5.12419e+06 8698 
443919 5.12421e+06 8697 
443979 5.12418e+06 8695 
444072 5.12425e+06 8694 
444168 5.12429e+06 8693 
444249 5.12432e+06 8692 
444370 5.12437e+06 8691 
444444 5.1244e+06 8690 
444468 5.12441e+06 8689 
444507 5.12443e+06 8688 
444564 5.12445e+06 8687 
444643 5.12449e+06 8686 
444743 5.12454e+06 8685 
444856 5.12459e+06 8684 
444967 5.12464e+06 9145 
445004 5.12465e+06 9146 
445094 5.1247e+06 9147 
445258 5.12476e+06 9148 
445328 5.1248e+06 9149 
445377 5.12483e+06 9175 
445487 5.12496e+06 9171 
445649 5.12513e+06 9174 
445702 5.12519e+06 9173 
445772 5.12526e+06 9172 
445906 5.12541e+06 9170 
445925 5.12543e+06 9169 
446008 5.12552e+06 48356 
446071 5.12559e+06 9646 
446227 5.12577e+06 9647 
446396 5.12594e+06 54312 
446417 5.12599e+06 9547 
446419 5.12602e+06 9548 
446326 5.1265e+06 9560 
446931 5.12679e+06 9557 
447247 5.12676e+06 9559 
448410 5.12669e+06 9787 
453087 5.12967e+06 51808 
454197 5.13022e+06 53745 
454636 5.1304e+06 57698 
455228 5.13066e+06 18205 
455814 5.13092e+06 18192 
456317 5.13116e+06 1178 
458225 5.13208e+06 48054 
458933 5.13243e+06 48053 
460150 5.13309e+06 51796 
461588 5.13409e+06 51818 
461699 5.13419e+06 51819 
462611 5.13498e+06 715 
463024 5.13535e+06 672 
463035 5.13536e+06 666 
463175 5.13548e+06 51766 
463986 5.1362e+06 51772 
464662 5.13677e+06 51780 
467820 5.13929e+06 484 
468229 5.13959e+06 477 
468322 5.13965e+06 48210 
470461 5.14169e+06 302 
470772 5.1423e+06 303 
471752 5.14442e+06 51924 
471958 5.14488e+06 183 
472115 5.14522e+06 165 
472158 5.14532e+06 51929 
472186 5.14538e+06 51930 
472941 5.1475e+06 55183 
473144 5.14783e+06 24712 
473207 5.14784e+06 55354 
473324 5.1477e+06 24711 
474009 5.14745e+06 24710 
474422 5.14784e+06 50516 
474753 5.14815e+06 21 
475377 5.14842e+06 24680 
475406 5.14844e+06 24681 
476195 5.1488e+06 7 
476484 5.14909e+06 51948 
476539 5.14912e+06 4 
477337 5.14912e+06 3 
477453 5.1494e+06 2 
