440093 5.12045e+06 14999 
440279 5.1206e+06 14998 
440372 5.1207e+06 14556 
440478 5.12077e+06 14991 
440639 5.12088e+06 14996 
440607 5.1209e+06 14622 
440730 5.12095e+06 14621 
440806 5.12098e+06 14576 
440954 5.12104e+06 14620 
441025 5.1211e+06 14619 
441047 5.12112e+06 14618 
441263 5.12128e+06 14617 
441307 5.12132e+06 14615 
441510 5.12146e+06 14616 
441548 5.12148e+06 14614 
441571 5.1215e+06 14613 
441676 5.12178e+06 14611 
441724 5.1219e+06 14612 
441731 5.12193e+06 46552 
441743 5.12195e+06 15605 
441756 5.12198e+06 15742 
441766 5.12201e+06 15741 
441826 5.12215e+06 15655 
441809 5.1222e+06 15654 
441778 5.12229e+06 15653 
441743 5.12239e+06 15652 
441716 5.12246e+06 15651 
441672 5.12257e+06 15650 
441724 5.12259e+06 15643 
441802 5.12263e+06 15702 
441825 5.12274e+06 15682 
441873 5.12278e+06 15665 
441983 5.12289e+06 15666 
442003 5.12291e+06 15662 
442066 5.12298e+06 15667 
442095 5.12298e+06 15611 
442264 5.12298e+06 15669 
442519 5.1231e+06 15670 
442440 5.1232e+06 15942 
442419 5.12323e+06 15674 
442309 5.12338e+06 15937 
442361 5.1235e+06 15927 
442372 5.12352e+06 15928 
442906 5.12364e+06 8633 
442912 5.12364e+06 8556 
442960 5.12369e+06 8629 
442965 5.12369e+06 8630 
442972 5.1237e+06 8631 
442992 5.12372e+06 8632 
443006 5.12373e+06 8623 
443015 5.12374e+06 8615 
443093 5.12382e+06 8626 
443164 5.12387e+06 8627 
443616 5.12403e+06 8628 
443623 5.12403e+06 8650 
443643 5.12404e+06 53800 
443655 5.12405e+06 8648 
443670 5.12406e+06 8645 
443743 5.12413e+06 8651 
443783 5.12416e+06 8700 
443830 5.12418e+06 8699 
443857 5.12419e+06 8698 
443919 5.12421e+06 8697 
443979 5.12418e+06 8695 
444072 5.12425e+06 8694 
444168 5.12429e+06 8693 
444249 5.12432e+06 8692 
444370 5.12437e+06 8691 
444444 5.1244e+06 8690 
444468 5.12441e+06 8689 
444507 5.12443e+06 8688 
444564 5.12445e+06 8687 
444643 5.12449e+06 8686 
444743 5.12454e+06 8685 
444856 5.12459e+06 8684 
444967 5.12464e+06 9145 
445004 5.12465e+06 9146 
445094 5.1247e+06 9147 
445258 5.12476e+06 9148 
445328 5.1248e+06 9149 
445354 5.12485e+06 48354 
445460 5.12497e+06 9154 
445632 5.12515e+06 9155 
445677 5.1252e+06 48355 
445748 5.12528e+06 9156 
445870 5.12541e+06 9157 
445892 5.12543e+06 9158 
445982 5.12553e+06 9435 
446044 5.1256e+06 9539 
446330 5.12597e+06 54311 
446374 5.126e+06 9549 
446305 5.1265e+06 48358 
446297 5.12655e+06 9555 
446289 5.12659e+06 9540 
446284 5.12662e+06 9541 
446305 5.12662e+06 18441 
446292 5.12671e+06 9550 
446303 5.12674e+06 51515 
446502 5.12692e+06 9810 
446633 5.12701e+06 9811 
446910 5.12725e+06 48345 
447192 5.1275e+06 12838 
447288 5.12759e+06 12839 
447309 5.1276e+06 19503 
447806 5.12802e+06 13498 
448032 5.12822e+06 48346 
448318 5.12846e+06 13209 
448342 5.1285e+06 13231 
448415 5.12855e+06 13230 
448516 5.12864e+06 13228 
448617 5.12873e+06 13229 
448695 5.1288e+06 13034 
448764 5.12883e+06 13035 
448896 5.12888e+06 13037 
449031 5.12895e+06 13038 
449155 5.12901e+06 13039 
449221 5.12898e+06 13040 
449431 5.12899e+06 13321 
449649 5.12899e+06 13322 
449901 5.12901e+06 13324 
450153 5.12909e+06 13320 
450172 5.1291e+06 13319 
450215 5.12911e+06 13318 
450423 5.12919e+06 13296 
450821 5.12935e+06 13303 
450953 5.1294e+06 13264 
451003 5.12942e+06 13263 
451104 5.12946e+06 13261 
451137 5.12947e+06 13260 
451249 5.12952e+06 13531 
451304 5.12954e+06 13532 
451363 5.12956e+06 13533 
451483 5.12961e+06 13534 
451616 5.12966e+06 12371 
452301 5.12994e+06 12372 
453038 5.13041e+06 55935 
453293 5.13063e+06 13535 
453424 5.13074e+06 12978 
453872 5.1311e+06 12979 
454723 5.1315e+06 12980 
455542 5.13171e+06 18193 
455887 5.13182e+06 25517 
456532 5.13201e+06 25513 
456702 5.13206e+06 25475 
456900 5.13212e+06 25476 
456928 5.13213e+06 54003 
457127 5.13219e+06 25485 
457417 5.13228e+06 25479 
457428 5.13228e+06 25480 
457550 5.13232e+06 25488 
457825 5.1324e+06 54033 
458056 5.13247e+06 25471 
458340 5.13256e+06 25472 
459180 5.13281e+06 53984 
460264 5.13321e+06 25364 
460470 5.13334e+06 25362 
461510 5.13411e+06 25330 
461628 5.13421e+06 51785 
462498 5.13496e+06 25329 
462670 5.13546e+06 51762 
462656 5.13556e+06 25335 
462737 5.1355e+06 655 
462769 5.13548e+06 654 
462786 5.13547e+06 656 
462830 5.13545e+06 660 
463035 5.13536e+06 666 
463175 5.13548e+06 51766 
463986 5.1362e+06 51772 
464662 5.13677e+06 51780 
467820 5.13929e+06 484 
468229 5.13959e+06 477 
468322 5.13965e+06 48210 
470461 5.14169e+06 302 
470772 5.1423e+06 303 
471752 5.14442e+06 51924 
471958 5.14488e+06 183 
472115 5.14522e+06 165 
472158 5.14532e+06 51929 
472186 5.14538e+06 51930 
472941 5.1475e+06 55183 
473144 5.14783e+06 24712 
473207 5.14784e+06 55354 
473324 5.1477e+06 24711 
474009 5.14745e+06 24710 
474422 5.14784e+06 50516 
474753 5.14815e+06 21 
475377 5.14842e+06 24680 
475406 5.14844e+06 24681 
476195 5.1488e+06 7 
476484 5.14909e+06 51948 
476539 5.14912e+06 4 
477337 5.14912e+06 3 
477453 5.1494e+06 2 
