528529 5.08241e+06
255574 5.10758e+06
414702 4.99796e+06
548774 4.95154e+06
454740 5.14726e+06
484481 5.01686e+06
615438 5.01436e+06
351783 5.12874e+06
474595 5.08074e+06
524201 5.13053e+06
318825 5.07418e+06
548075 5.01435e+06
413648 5.00148e+06
419678 5.10564e+06
619214 5.05656e+06
506891 4.97669e+06
305911 5.12779e+06
438101 5.03934e+06
514656 5.04924e+06
369972 5.09305e+06
570168 5.11838e+06
588231 4.97118e+06
619133 5.05214e+06
472841 5.11787e+06
514081 5.09135e+06
276572 5.07548e+06
477352 5.11697e+06
551033 4.98571e+06
483627 5.04672e+06
455957 4.99761e+06
589814 5.01136e+06
421180 5.06974e+06
