1.41894e+06 5.34413e+06
763619 4.75632e+06
676416 5.36026e+06
1.38371e+06 4.8765e+06
1.02203e+06 5.11697e+06
616864 5.02247e+06
991693 5.47748e+06
1.09358e+06 4.75937e+06
1.38472e+06 5.07259e+06
913653 4.9378e+06
1.1604e+06 5.32975e+06
794832 5.18867e+06
1.15439e+06 4.95242e+06
850573 5.39166e+06
1.30116e+06 4.76776e+06
1.29223e+06 5.44312e+06
1.23426e+06 5.18538e+06
973617 5.27566e+06
1.13103e+06 5.4403e+06
594809 5.18164e+06
1.47417e+06 5.20696e+06
799151 5.05201e+06
845463 5.50457e+06
930078 4.78309e+06
747285 4.91736e+06
1.23267e+06 5.01901e+06
1.22637e+06 4.85894e+06
794764 5.37822e+06
1.29829e+06 5.28594e+06
884016 5.40288e+06
846091 4.83835e+06
907955 5.11773e+06
