477994 5.05363e+06 422420 
477829 5.05372e+06 427850 
477687 5.05377e+06 396808 
477667 5.05378e+06 422417 
477486 5.05389e+06 422412 
477269 5.05404e+06 422413 
477155 5.05415e+06 422206 
476943 5.05431e+06 422207 
476985 5.05438e+06 422216 
476506 5.05465e+06 422210 
476351 5.05474e+06 422205 
475595 5.05507e+06 422192 
475182 5.05509e+06 412921 
474706 5.05535e+06 412922 
473673 5.05532e+06 427879 
473417 5.0554e+06 412996 
473366 5.05542e+06 412978 
473117 5.05541e+06 396676 
473069 5.05547e+06 396668 
472726 5.05537e+06 396678 
472631 5.0553e+06 396688 
472549 5.05528e+06 396690 
472462 5.05537e+06 396691 
472443 5.05539e+06 412931 
472250 5.05565e+06 412932 
472221 5.05567e+06 412967 
471789 5.05592e+06 427886 
471532 5.05627e+06 412552 
471365 5.0567e+06 396461 
471081 5.05721e+06 412914 
470965 5.05744e+06 412928 
470756 5.05756e+06 412421 
470436 5.05776e+06 412395 
469351 5.05841e+06 412396 
468645 5.058e+06 396356 
468607 5.05807e+06 396350 
468037 5.05897e+06 396247 
467925 5.05914e+06 396227 
467710 5.05951e+06 412438 
467619 5.05964e+06 396184 
467466 5.05988e+06 412404 
466953 5.06069e+06 412426 
466650 5.06118e+06 432168 
466184 5.06193e+06 446231 
465770 5.06258e+06 431997 
465678 5.06273e+06 431966 
465464 5.06306e+06 431928 
465355 5.06323e+06 431896 
465158 5.06354e+06 431859 
464937 5.06391e+06 431792 
464763 5.0642e+06 431708 
464710 5.06427e+06 431690 
464560 5.06446e+06 431666 
464508 5.06452e+06 431667 
464476 5.06457e+06 443176 
464077 5.06512e+06 443175 
463637 5.06571e+06 433399 
463529 5.06584e+06 433398 
463518 5.06585e+06 433393 
463506 5.06585e+06 433396 
463492 5.06587e+06 433395 
463497 5.06588e+06 433392 
463487 5.06589e+06 443268 
463430 5.06599e+06 437831 
463206 5.0663e+06 437832 
462790 5.06687e+06 431195 
462779 5.06688e+06 431187 
462761 5.06691e+06 443264 
462432 5.06736e+06 437507 
462299 5.06753e+06 433349 
462231 5.06755e+06 433351 
462218 5.06756e+06 431058 
462238 5.06761e+06 431055 
462212 5.06765e+06 431056 
462118 5.06778e+06 433348 
462096 5.06781e+06 433345 
462025 5.06782e+06 433346 
462012 5.06784e+06 431003 
462036 5.06789e+06 430998 
462015 5.06792e+06 430999 
461908 5.06807e+06 437679 
461765 5.06826e+06 430889 
461559 5.06878e+06 430763 
461569 5.06896e+06 430719 
461565 5.06905e+06 445983 
461565 5.06907e+06 430696 
461554 5.06936e+06 430697 
461544 5.06976e+06 430596 
461540 5.06987e+06 430597 
461540 5.06993e+06 430565 
461549 5.07005e+06 430535 
461557 5.07011e+06 430528 
461562 5.07016e+06 430518 
461571 5.07036e+06 430493 
461583 5.07047e+06 436685 
461599 5.07057e+06 436652 
461613 5.07068e+06 437174 
461616 5.07069e+06 436616 
461640 5.071e+06 430356 
461641 5.07102e+06 430350 
461754 5.07122e+06 430296 
461786 5.07126e+06 436555 
461851 5.07138e+06 436556 
461819 5.07148e+06 436557 
461816 5.07148e+06 430235 
461760 5.07154e+06 430223 
461598 5.07166e+06 430203 
461568 5.07168e+06 436562 
461491 5.07174e+06 430190 
461313 5.07187e+06 430173 
461186 5.07196e+06 430169 
461117 5.072e+06 436430 
461093 5.07201e+06 430159 
461071 5.07203e+06 430156 
461042 5.07204e+06 436566 
460979 5.07208e+06 436498 
460876 5.07213e+06 447253 
460438 5.07234e+06 436471 
460373 5.07237e+06 437168 
460204 5.07246e+06 436552 
460091 5.07251e+06 437166 
459532 5.07261e+06 437122 
459368 5.07281e+06 437167 
459344 5.07285e+06 437028 
459052 5.07319e+06 446811 
459001 5.07323e+06 436944 
458967 5.07326e+06 437227 
458957 5.07327e+06 446926 
458934 5.07329e+06 433248 
458580 5.07357e+06 437101 
458275 5.07382e+06 437188 
458086 5.07398e+06 447220 
457685 5.07432e+06 437092 
457350 5.07459e+06 429811 
457234 5.07465e+06 429804 
457181 5.0747e+06 230112 
457169 5.07472e+06 230106 
457123 5.07485e+06 230111 
457210 5.07509e+06 254348 
457163 5.07514e+06 254636 
457041 5.07522e+06 229851 
457031 5.07523e+06 229844 
456828 5.07535e+06 229845 
456803 5.07535e+06 229746 
456755 5.0755e+06 229620 
456507 5.07567e+06 229475 
455983 5.07609e+06 251207 
455959 5.0761e+06 222033 
455835 5.07616e+06 222019 
455229 5.0765e+06 254641 
455220 5.07651e+06 222045 
455211 5.07651e+06 254642 
454935 5.07667e+06 222034 
454717 5.0768e+06 252564 
454450 5.07682e+06 252563 
454193 5.07687e+06 222049 
454071 5.07704e+06 221853 
454035 5.07706e+06 221854 
453997 5.0771e+06 221847 
453911 5.07715e+06 254645 
453901 5.07715e+06 221114 
453892 5.07717e+06 250871 
453853 5.07721e+06 254646 
453831 5.07723e+06 221051 
453762 5.07724e+06 221048 
453758 5.07726e+06 221026 
453715 5.07731e+06 231544 
453720 5.07732e+06 252566 
453745 5.07746e+06 220938 
453753 5.07747e+06 220930 
453713 5.07754e+06 220912 
453700 5.07756e+06 220909 
453561 5.07796e+06 220817 
453558 5.07802e+06 220801 
453548 5.07805e+06 220790 
453541 5.07807e+06 220788 
453518 5.07814e+06 220776 
453571 5.07829e+06 220729 
453658 5.0785e+06 220686 
453661 5.07852e+06 220675 
453561 5.07865e+06 220634 
453348 5.07906e+06 220542 
452884 5.08022e+06 220421 
452537 5.08077e+06 220355 
452406 5.08098e+06 220324 
452258 5.08121e+06 220288 
452190 5.08131e+06 220269 
452129 5.0814e+06 220253 
452096 5.08146e+06 220254 
452163 5.08152e+06 220240 
451956 5.08175e+06 220212 
451869 5.0818e+06 220204 
451856 5.0818e+06 251247 
451782 5.08187e+06 220189 
451781 5.08194e+06 220165 
451835 5.082e+06 220149 
451880 5.08205e+06 220131 
451918 5.0821e+06 220107 
451918 5.08212e+06 220096 
451829 5.08212e+06 220100 
451666 5.08218e+06 220077 
451445 5.08234e+06 220035 
451432 5.08241e+06 224859 
451433 5.08244e+06 224860 
451428 5.08249e+06 225728 
451306 5.08251e+06 224830 
451307 5.08258e+06 224806 
451266 5.08269e+06 224807 
451262 5.08272e+06 225824 
451264 5.08273e+06 224775 
451249 5.08275e+06 224763 
451236 5.08276e+06 224758 
451203 5.08278e+06 224759 
451390 5.08296e+06 224688 
451352 5.083e+06 249626 
451218 5.08309e+06 224634 
451162 5.08318e+06 224614 
451145 5.08321e+06 224604 
451113 5.08325e+06 224605 
451076 5.0833e+06 224580 
451016 5.08337e+06 224551 
450712 5.08386e+06 224419 
450856 5.08385e+06 224324 
450883 5.08392e+06 224325 
450825 5.08431e+06 225773 
450799 5.08438e+06 224293 
450813 5.08442e+06 224282 
450886 5.08464e+06 224283 
450875 5.08465e+06 224205 
450897 5.08472e+06 224206 
450924 5.08481e+06 231461 
450942 5.08493e+06 224123 
450857 5.08498e+06 224104 
450689 5.08514e+06 224061 
450753 5.0852e+06 224043 
450838 5.08528e+06 224026 
450886 5.08533e+06 224001 
451026 5.08549e+06 223956 
451166 5.08565e+06 223955 
451187 5.08568e+06 223905 
451284 5.0858e+06 223874 
451347 5.08587e+06 223843 
451374 5.0859e+06 223821 
451388 5.086e+06 223785 
451396 5.08612e+06 223715 
451417 5.08615e+06 223716 
451491 5.08622e+06 223649 
451580 5.0863e+06 223610 
451608 5.08632e+06 223591 
451625 5.08638e+06 223560 
451470 5.08649e+06 223511 
451215 5.08671e+06 223425 
451174 5.08677e+06 223411 
451140 5.08684e+06 223393 
451135 5.08685e+06 223395 
451120 5.08688e+06 223380 
451083 5.08698e+06 223345 
451074 5.087e+06 223346 
451022 5.08713e+06 249760 
451005 5.08718e+06 223276 
450998 5.0872e+06 254085 
450956 5.08728e+06 223232 
450844 5.08748e+06 223233 
450787 5.08761e+06 223117 
450781 5.08764e+06 223114 
450767 5.08778e+06 223081 
450758 5.08782e+06 223072 
450696 5.08796e+06 223033 
450754 5.08817e+06 222955 
450759 5.08819e+06 222956 
450782 5.08826e+06 222922 
450810 5.08837e+06 222923 
450832 5.08844e+06 222867 
450863 5.08856e+06 222847 
450922 5.08876e+06 222778 
450939 5.08881e+06 222764 
451036 5.08914e+06 222705 
451124 5.08947e+06 224979 
451275 5.08995e+06 222516 
451294 5.09002e+06 222499 
451345 5.09019e+06 222473 
451411 5.0904e+06 222443 
451431 5.09047e+06 254062 
451427 5.09048e+06 222432 
451407 5.09054e+06 222416 
451314 5.09085e+06 222341 
451290 5.09093e+06 222316 
451273 5.09098e+06 222294 
451260 5.09102e+06 222282 
451212 5.09111e+06 222241 
451162 5.09115e+06 222229 
451146 5.09117e+06 222225 
451050 5.09124e+06 222226 
450786 5.09143e+06 216334 
450730 5.09147e+06 216317 
450498 5.09164e+06 216239 
450280 5.09182e+06 216096 
450234 5.09186e+06 216073 
450186 5.0919e+06 216047 
450181 5.0919e+06 216232 
450177 5.09191e+06 249450 
450002 5.09205e+06 215964 
449996 5.09205e+06 251562 
449985 5.09207e+06 215960 
449981 5.09207e+06 215942 
449919 5.0922e+06 215944 
449701 5.09265e+06 251552 
449730 5.09278e+06 251553 
449735 5.09279e+06 251555 
449845 5.09306e+06 215090 
449773 5.09314e+06 215038 
449701 5.09325e+06 214952 
449680 5.09329e+06 214931 
449675 5.0933e+06 214925 
449637 5.09336e+06 214888 
449599 5.09348e+06 214836 
449572 5.09353e+06 214800 
449567 5.09355e+06 214789 
449454 5.09387e+06 214621 
449436 5.094e+06 214544 
449365 5.09433e+06 214376 
449659 5.09538e+06 210349 
449663 5.09539e+06 210345 
449702 5.09552e+06 210316 
449703 5.09552e+06 210311 
449753 5.09592e+06 210263 
449725 5.09598e+06 234624 
449712 5.09601e+06 210196 
449668 5.09605e+06 210189 
449650 5.09608e+06 210180 
449584 5.0962e+06 254302 
449583 5.0962e+06 210150 
449580 5.09621e+06 210152 
449594 5.09638e+06 210099 
449632 5.09674e+06 210032 
449636 5.09679e+06 210022 
449670 5.09696e+06 210023 
449693 5.09701e+06 234678 
449777 5.09714e+06 209965 
449850 5.09721e+06 209941 
449938 5.09728e+06 209937 
450077 5.09738e+06 251431 
450233 5.09752e+06 234641 
450339 5.09759e+06 234682 
450393 5.09763e+06 234681 
450534 5.09774e+06 209821 
450581 5.09784e+06 209813 
450586 5.09786e+06 209814 
450577 5.09796e+06 234187 
450328 5.09836e+06 234401 
450143 5.09848e+06 234384 
450059 5.09853e+06 234400 
449997 5.09857e+06 234369 
449936 5.09861e+06 234316 
449693 5.09877e+06 234337 
449673 5.09879e+06 209586 
449565 5.09886e+06 234251 
449514 5.09889e+06 234201 
449384 5.09901e+06 234246 
449363 5.09903e+06 234333 
449273 5.09912e+06 234378 
449261 5.09914e+06 234233 
449231 5.09918e+06 234397 
449079 5.09941e+06 209400 
449020 5.09949e+06 209373 
448932 5.09962e+06 209374 
448859 5.09969e+06 253152 
448809 5.09973e+06 23414 
448826 5.09974e+06 55707 
448842 5.09976e+06 57596 
448838 5.0998e+06 47798 
448834 5.09984e+06 234231 
448833 5.09986e+06 234217 
448829 5.09988e+06 23478 
448823 5.09991e+06 23479 
448813 5.09994e+06 23480 
448772 5.10008e+06 23471 
448767 5.1001e+06 23440 
448759 5.10012e+06 23441 
448692 5.10026e+06 23462 
448667 5.10031e+06 23465 
448660 5.10033e+06 23384 
448644 5.10041e+06 23341 
448637 5.10045e+06 23370 
448631 5.10049e+06 23305 
448624 5.10052e+06 23389 
448614 5.10058e+06 23395 
448612 5.10058e+06 23351 
448596 5.10065e+06 23352 
448569 5.10071e+06 23347 
448516 5.10082e+06 23298 
448473 5.10098e+06 23372 
448460 5.101e+06 23301 
448386 5.1011e+06 23326 
448361 5.10114e+06 23327 
448360 5.1012e+06 23361 
448360 5.10126e+06 23392 
448360 5.10128e+06 23311 
448359 5.1013e+06 23312 
448310 5.10141e+06 23330 
448211 5.10147e+06 23331 
448255 5.1015e+06 24053 
448110 5.10159e+06 47920 
448081 5.1016e+06 23377 
448100 5.10162e+06 23378 
448210 5.10175e+06 48151 
448228 5.10178e+06 48152 
448249 5.10179e+06 48154 
448235 5.1018e+06 48153 
448245 5.10183e+06 23319 
448248 5.10186e+06 19980 
448230 5.10201e+06 19981 
448226 5.10205e+06 4911 
448230 5.10207e+06 4908 
448226 5.10212e+06 4900 
448212 5.10223e+06 22878 
448213 5.10225e+06 22899 
448209 5.10229e+06 23150 
448204 5.10232e+06 47818 
448198 5.10233e+06 22648 
448184 5.10246e+06 22649 
448176 5.10248e+06 22654 
448159 5.10253e+06 22665 
448123 5.10262e+06 22675 
448115 5.10263e+06 22646 
448101 5.10266e+06 22647 
448094 5.10269e+06 22657 
448092 5.1027e+06 22652 
448077 5.10277e+06 4825 
447965 5.1028e+06 4821 
447953 5.1028e+06 22705 
447900 5.10282e+06 22686 
447848 5.10285e+06 22685 
447789 5.1029e+06 22605 
447780 5.10291e+06 22606 
447755 5.10299e+06 22630 
447714 5.10303e+06 22698 
447667 5.10305e+06 53979 
447594 5.1031e+06 22610 
447554 5.10316e+06 22634 
447553 5.10318e+06 22616 
447553 5.1032e+06 22722 
447555 5.10323e+06 22727 
447555 5.10326e+06 22635 
447550 5.10332e+06 4749 
447550 5.10336e+06 4746 
447549 5.10342e+06 4729 
447549 5.10344e+06 4730 
447549 5.10346e+06 22777 
447584 5.1036e+06 4694 
447586 5.10361e+06 22784 
447354 5.10379e+06 47878 
447297 5.10384e+06 22906 
447215 5.10399e+06 4609 
447182 5.10404e+06 4598 
447075 5.10423e+06 4561 
447032 5.10431e+06 4538 
447015 5.10433e+06 4528 
446920 5.1045e+06 4497 
446878 5.10458e+06 4489 
446833 5.10466e+06 4468 
446785 5.10474e+06 4459 
446676 5.10493e+06 4434 
446655 5.10497e+06 4430 
446650 5.10498e+06 4427 
446586 5.10509e+06 4428 
446581 5.1051e+06 23607 
446516 5.10521e+06 23609 
446302 5.10559e+06 23604 
445912 5.10596e+06 23605 
445910 5.10596e+06 23606 
445932 5.1062e+06 53502 
445902 5.1063e+06 53503 
445856 5.10637e+06 53504 
445791 5.10646e+06 4122 
445786 5.10647e+06 4113 
445703 5.10657e+06 4095 
445690 5.1066e+06 4097 
445668 5.10666e+06 4098 
445577 5.10681e+06 23583 
445471 5.10692e+06 23593 
445375 5.107e+06 23591 
445354 5.10702e+06 23603 
445276 5.10714e+06 53506 
445261 5.10717e+06 50835 
445269 5.10765e+06 40541 
445265 5.10778e+06 3911 
445260 5.10787e+06 3892 
445257 5.10791e+06 3880 
445248 5.108e+06 40588 
445230 5.10827e+06 40564 
445211 5.10854e+06 3742 
445211 5.10856e+06 3733 
445183 5.10887e+06 40583 
445178 5.10896e+06 3642 
445172 5.10907e+06 40558 
445154 5.10942e+06 3533 
445153 5.10943e+06 3530 
445152 5.10945e+06 3532 
445129 5.10986e+06 40531 
445127 5.10993e+06 40530 
445121 5.11001e+06 16512 
445117 5.1101e+06 16511 
445103 5.11039e+06 16509 
445084 5.11071e+06 16508 
445055 5.11119e+06 16536 
445039 5.1115e+06 16558 
445038 5.1115e+06 16560 
445031 5.1116e+06 16567 
445018 5.11179e+06 16566 
444997 5.11212e+06 16579 
445003 5.11235e+06 16577 
444936 5.11246e+06 16578 
444916 5.11256e+06 56358 
444780 5.1128e+06 16586 
444711 5.11292e+06 16584 
444698 5.11294e+06 16585 
444633 5.11309e+06 16669 
444654 5.1132e+06 17021 
444639 5.11324e+06 16664 
444544 5.11338e+06 16665 
444534 5.1134e+06 16667 
444493 5.11347e+06 17016 
444484 5.11351e+06 17017 
444482 5.11352e+06 17015 
444536 5.11355e+06 17042 
444556 5.11356e+06 17069 
444603 5.11357e+06 17068 
444526 5.11366e+06 17070 
444488 5.11371e+06 17071 
444623 5.11375e+06 17084 
444552 5.1139e+06 17085 
444556 5.11392e+06 17088 
444585 5.11398e+06 17089 
444604 5.11399e+06 19140 
444610 5.11399e+06 17092 
444627 5.114e+06 56385 
444631 5.11401e+06 19154 
444654 5.11404e+06 19155 
444677 5.11406e+06 17094 
444696 5.11413e+06 16685 
444707 5.11414e+06 16684 
444726 5.11428e+06 16681 
444725 5.11429e+06 16682 
444670 5.11449e+06 16683 
444656 5.11455e+06 16680 
444652 5.11459e+06 17116 
444662 5.11478e+06 17117 
444674 5.11498e+06 17207 
444668 5.1151e+06 17206 
444651 5.1152e+06 17205 
444599 5.11538e+06 17214 
444594 5.11543e+06 17222 
444578 5.11546e+06 17223 
444543 5.11554e+06 17221 
444522 5.11556e+06 17220 
444512 5.11557e+06 17219 
444467 5.11561e+06 17218 
444416 5.11565e+06 17241 
444393 5.11568e+06 17245 
444386 5.11569e+06 16714 
444391 5.11571e+06 16716 
444428 5.11574e+06 17248 
444440 5.11576e+06 18764 
444440 5.11576e+06 50236 
444450 5.11577e+06 18766 
444451 5.11579e+06 17256 
444450 5.11598e+06 17252 
444443 5.11617e+06 17253 
444440 5.1163e+06 17416 
444439 5.11639e+06 17417 
444444 5.11653e+06 17418 
444438 5.11663e+06 17708 
444451 5.1167e+06 17709 
444434 5.11671e+06 17710 
444431 5.11675e+06 16718 
444407 5.11686e+06 16722 
444410 5.11688e+06 17732 
444443 5.117e+06 17733 
444465 5.11701e+06 17755 
444468 5.11702e+06 17756 
444681 5.11721e+06 17758 
444545 5.11728e+06 17808 
444575 5.11728e+06 17809 
444505 5.11731e+06 50253 
444486 5.11732e+06 50251 
444493 5.11733e+06 50252 
444508 5.11735e+06 17867 
444547 5.11739e+06 17868 
444584 5.11745e+06 19647 
444596 5.1175e+06 19643 
444596 5.11751e+06 17884 
444593 5.11755e+06 17883 
444522 5.1177e+06 51539 
444510 5.11771e+06 51540 
444518 5.11775e+06 51541 
444524 5.11776e+06 17886 
444583 5.11784e+06 18184 
444736 5.11817e+06 6413 
444767 5.11822e+06 17887 
444791 5.11826e+06 17888 
444810 5.11829e+06 17848 
444825 5.11831e+06 5273 
444998 5.1186e+06 5262 
444972 5.11868e+06 5263 
444838 5.11883e+06 19108 
444837 5.11885e+06 5282 
444897 5.1189e+06 7349 
444915 5.11898e+06 55015 
444915 5.11899e+06 46546 
444902 5.11904e+06 46542 
444886 5.11906e+06 5308 
444892 5.11907e+06 46541 
444778 5.11918e+06 5309 
444687 5.11928e+06 5310 
444699 5.11931e+06 55019 
444707 5.11933e+06 5353 
444830 5.11952e+06 5352 
444906 5.11966e+06 5351 
444955 5.11976e+06 5346 
444977 5.11985e+06 5372 
444994 5.11992e+06 5373 
445011 5.11999e+06 5374 
445010 5.12003e+06 5529 
445005 5.12015e+06 5530 
444998 5.12026e+06 5531 
444995 5.12037e+06 5532 
444991 5.12057e+06 5543 
444976 5.12059e+06 5544 
444990 5.1206e+06 5545 
444955 5.12069e+06 5628 
444935 5.12074e+06 5629 
444907 5.12084e+06 5630 
444881 5.1209e+06 5631 
444873 5.12092e+06 5632 
444833 5.12099e+06 5633 
444789 5.12108e+06 5634 
444800 5.1211e+06 5784 
444777 5.12111e+06 5768 
444852 5.12123e+06 5769 
444792 5.12126e+06 5771 
444606 5.12133e+06 5818 
444616 5.12136e+06 5819 
444679 5.12156e+06 5820 
444685 5.12158e+06 5755 
444685 5.1216e+06 5756 
444684 5.12163e+06 46592 
444708 5.12172e+06 5824 
444714 5.12173e+06 5823 
444756 5.12181e+06 5822 
444797 5.12184e+06 5821 
444925 5.122e+06 6820 
444959 5.12213e+06 48791 
444422 5.12252e+06 6458 
444037 5.12279e+06 6459 
444016 5.1228e+06 6828 
444093 5.12285e+06 48803 
444214 5.12293e+06 18374 
444259 5.12302e+06 8587 
444260 5.12304e+06 48819 
444268 5.12315e+06 8602 
444068 5.1238e+06 53872 
444064 5.12382e+06 18377 
444061 5.12384e+06 8606 
444082 5.12384e+06 53873 
444082 5.12385e+06 53877 
444057 5.12391e+06 53876 
444010 5.124e+06 19911 
443957 5.12413e+06 8672 
443961 5.12416e+06 8673 
443979 5.12418e+06 8695 
444072 5.12425e+06 8694 
444039 5.12428e+06 8701 
444157 5.12445e+06 8723 
444187 5.12448e+06 8731 
444250 5.12457e+06 8732 
444289 5.12461e+06 8733 
444342 5.12469e+06 8734 
444394 5.12476e+06 9337 
444403 5.12478e+06 9335 
444427 5.12481e+06 9336 
444340 5.12498e+06 8925 
444349 5.12503e+06 8926 
444358 5.12506e+06 9047 
444355 5.12508e+06 9323 
444350 5.12508e+06 9372 
444431 5.12526e+06 9371 
444508 5.12536e+06 9379 
444527 5.12538e+06 9380 
444591 5.12547e+06 9194 
444583 5.12549e+06 9180 
444580 5.12566e+06 9444 
444563 5.12575e+06 9447 
444547 5.12579e+06 9448 
444548 5.12594e+06 9449 
444569 5.126e+06 9450 
444579 5.12603e+06 9308 
444595 5.1261e+06 9451 
444674 5.12634e+06 9465 
444870 5.12665e+06 9466 
444817 5.12696e+06 9613 
444812 5.12699e+06 9657 
444881 5.1271e+06 9656 
444959 5.12712e+06 9655 
445063 5.12713e+06 9608 
445048 5.1272e+06 9609 
445186 5.12721e+06 9601 
445136 5.12743e+06 9602 
445131 5.12746e+06 12444 
445104 5.12762e+06 12443 
445085 5.12769e+06 12436 
444999 5.1277e+06 12437 
444857 5.12774e+06 12438 
444838 5.12784e+06 12441 
444828 5.12788e+06 12440 
444809 5.12797e+06 12410 
444735 5.12797e+06 12409 
444689 5.12806e+06 12570 
444675 5.12812e+06 12566 
