521576 5.12929e+06 1293 
520050 5.12911e+06 53592 
519738 5.12896e+06 41032 
519329 5.12876e+06 1402 
519284 5.12874e+06 41044 
518962 5.12873e+06 1406 
518935 5.12864e+06 1413 
515469 5.1278e+06 1476 
515447 5.1278e+06 46891 
514804 5.12769e+06 47134 
514507 5.12768e+06 47281 
514337 5.12767e+06 47282 
513620 5.12765e+06 46808 
512655 5.12762e+06 47284 
512545 5.12761e+06 52622 
511989 5.12759e+06 47167 
511718 5.12753e+06 47283 
511226 5.12736e+06 48275 
511081 5.12731e+06 52616 
510519 5.12718e+06 52610 
510298 5.1272e+06 48273 
509769 5.12701e+06 46746 
509496 5.1269e+06 1523 
508932 5.12682e+06 1522 
508891 5.12681e+06 1524 
508621 5.12679e+06 1525 
508596 5.12677e+06 47309 
508508 5.12676e+06 46884 
508456 5.12675e+06 1531 
508424 5.12674e+06 1530 
508108 5.12692e+06 46927 
507670 5.12716e+06 54761 
507667 5.12717e+06 54762 
507647 5.12717e+06 1505 
507525 5.12723e+06 1501 
507500 5.12725e+06 1498 
506865 5.12758e+06 47230 
506813 5.12762e+06 47216 
506365 5.12785e+06 47217 
506299 5.12789e+06 52598 
505526 5.1283e+06 46896 
505391 5.12838e+06 46700 
504923 5.12863e+06 1434 
504606 5.1288e+06 1435 
504307 5.12896e+06 46786 
504232 5.129e+06 47188 
504206 5.12902e+06 1405 
504175 5.12903e+06 1403 
503955 5.12914e+06 1390 
503757 5.12926e+06 1375 
503589 5.1294e+06 1346 
503563 5.12943e+06 1343 
503521 5.12947e+06 1337 
503408 5.12955e+06 1312 
503381 5.12956e+06 1307 
503352 5.12958e+06 1308 
503286 5.1296e+06 49045 
502976 5.12969e+06 1260 
502876 5.12975e+06 1255 
502842 5.12976e+06 1249 
502602 5.12988e+06 21098 
502179 5.13012e+06 21097 
502017 5.1302e+06 21088 
501811 5.13031e+06 1190 
501721 5.13036e+06 1187 
501699 5.13038e+06 1185 
501589 5.13043e+06 21110 
501440 5.13051e+06 1173 
500969 5.13073e+06 1174 
500784 5.1308e+06 21070 
500702 5.13083e+06 21065 
500333 5.13096e+06 21060 
500317 5.13097e+06 21044 
500260 5.13099e+06 21047 
500242 5.131e+06 49467 
500208 5.13101e+06 21048 
499577 5.13125e+06 49462 
499361 5.13126e+06 1099 
499211 5.13128e+06 20945 
499185 5.13129e+06 20946 
498892 5.13145e+06 1083 
498770 5.13153e+06 1072 
498288 5.13177e+06 1039 
498250 5.1318e+06 1032 
498091 5.13186e+06 1020 
497925 5.13192e+06 1016 
497793 5.13196e+06 48665 
497635 5.132e+06 1011 
497532 5.13201e+06 20866 
497255 5.13206e+06 1001 
496858 5.13212e+06 985 
496768 5.13213e+06 983 
496739 5.13213e+06 982 
496552 5.13214e+06 978 
496407 5.13214e+06 980 
496208 5.13215e+06 20406 
495885 5.13214e+06 20394 
495720 5.13213e+06 20561 
495586 5.13216e+06 20451 
495578 5.13216e+06 20400 
495345 5.13221e+06 20409 
495255 5.13222e+06 963 
495186 5.13223e+06 962 
494979 5.13224e+06 957 
494910 5.13224e+06 955 
494811 5.13224e+06 956 
494706 5.13224e+06 20488 
494614 5.13223e+06 966 
494506 5.13224e+06 959 
494320 5.13224e+06 961 
494238 5.13229e+06 20359 
494055 5.13242e+06 932 
494015 5.13245e+06 929 
493905 5.13251e+06 924 
493882 5.13252e+06 921 
493847 5.13253e+06 20556 
493607 5.13259e+06 903 
493395 5.13263e+06 48574 
493384 5.13263e+06 48573 
493262 5.13261e+06 20296 
493220 5.1326e+06 910 
493024 5.13258e+06 909 
492829 5.13267e+06 916 
492841 5.13276e+06 883 
492544 5.13294e+06 20084 
492532 5.13295e+06 20085 
492287 5.1331e+06 20086 
492264 5.13311e+06 20088 
492091 5.13323e+06 20087 
491834 5.13341e+06 20081 
491506 5.13353e+06 804 
491459 5.13355e+06 18395 
491133 5.13367e+06 20062 
491027 5.13371e+06 20066 
490902 5.13375e+06 20044 
490319 5.13396e+06 20045 
489923 5.13411e+06 20046 
489707 5.13419e+06 22268 
488810 5.13452e+06 22255 
488781 5.13453e+06 22256 
488673 5.13456e+06 22264 
487858 5.13482e+06 22272 
487602 5.13493e+06 22273 
487320 5.13504e+06 22274 
487239 5.13508e+06 22271 
486687 5.1353e+06 641 
486611 5.13534e+06 637 
486440 5.1354e+06 638 
486422 5.1354e+06 636 
486410 5.13542e+06 22471 
486171 5.13554e+06 22472 
486030 5.13558e+06 22467 
485758 5.13563e+06 22427 
485729 5.13569e+06 22432 
485624 5.13591e+06 22475 
485598 5.13593e+06 621 
485408 5.13597e+06 619 
485285 5.13603e+06 22360 
485087 5.13611e+06 22362 
484994 5.13614e+06 22313 
484789 5.13624e+06 22314 
484781 5.13624e+06 22315 
484489 5.1364e+06 22316 
484308 5.13656e+06 22317 
484217 5.13664e+06 22323 
484201 5.13666e+06 22324 
484113 5.13675e+06 22281 
484005 5.13687e+06 52224 
483874 5.13703e+06 22292 
483578 5.13745e+06 22294 
483537 5.13748e+06 22289 
483130 5.13773e+06 22279 
482878 5.13799e+06 22278 
482863 5.138e+06 22275 
482764 5.13811e+06 22276 
482692 5.13818e+06 24062 
482081 5.13875e+06 51920 
481348 5.13899e+06 24081 
481209 5.13916e+06 24082 
480761 5.13931e+06 467 
480529 5.13938e+06 464 
480233 5.13947e+06 465 
479780 5.1396e+06 24087 
479645 5.13964e+06 24100 
479641 5.13964e+06 439 
479526 5.13968e+06 424 
479473 5.13974e+06 416 
479472 5.1398e+06 417 
479372 5.13992e+06 24101 
479315 5.13996e+06 398 
479397 5.14038e+06 366 
478718 5.1404e+06 367 
478534 5.14074e+06 24127 
477919 5.14072e+06 24126 
477389 5.14079e+06 24128 
476878 5.14104e+06 50505 
476631 5.14099e+06 335 
476489 5.1414e+06 317 
476548 5.14141e+06 24270 
476546 5.14143e+06 314 
476415 5.14177e+06 24271 
476342 5.14176e+06 24274 
476279 5.14184e+06 24269 
476125 5.14208e+06 24298 
476065 5.14224e+06 276 
475981 5.14246e+06 264 
475916 5.14262e+06 262 
476171 5.14279e+06 251 
476411 5.14294e+06 252 
476745 5.1432e+06 24456 
476851 5.14357e+06 24453 
476775 5.14399e+06 24455 
477083 5.1443e+06 24528 
476715 5.14449e+06 24529 
477212 5.14502e+06 24521 
476742 5.14563e+06 24535 
476808 5.14564e+06 24607 
476788 5.14606e+06 24601 
476840 5.14656e+06 24602 
476631 5.14737e+06 47 
476791 5.14741e+06 48 
476799 5.14743e+06 54241 
476753 5.14766e+06 33 
477231 5.14831e+06 16 
477667 5.14868e+06 51950 
477752 5.14875e+06 9 
477249 5.14882e+06 6 
477337 5.14912e+06 3 
477453 5.1494e+06 2 
